10533
11970
63862
60089
44827
67002
40895
3418
8039
36052
50780
44814
29804
66372
16851
29183
33615
64807
6898
25495
6382
36480
70695
5495
21888
32367
20027
62432
3473
31076
7238
29061
23475
36413
36702
46038
51647
49012
67148
31035
10430
38204
5413
60200
39907
56024
20421
64513
679
20805
71462
71882
59132
14500
20278
61582
23981
25302
4808
802
3622
62106
61842
71970
50164
36345
23602
45150
27729
12981
4669
56738
22454
10607
24633
43581
6259
49070
68704
36720
4717
52175
29321
52810
7573
13849
17062
23236
20046
32454
28708
66123
39571
68026
44215
27831
38995
57846
24469
60458
69298
65873
70813
4811
10511
29170
21460
8629
24453
36501
54666
5416
10096
32233
8606
62411
2917
7135
38567
33332
12741
65831
52472
6084
33230
50284
47530
65228
4476
14726
17319
34669
34879
33158
33576
598
35305
25822
50317
49121
7739
59029
20244
23936
34053
40795
25275
41682
33242
5271
12684
38757
11293
56083
9544
38528
45455
1482
19875
59534
63575
31520
237
58886
9529
59872
51957
44980
64608
55114
3721
62174
2824
45886
1628
35240
57898
62246
10598
54661
19614
16667
22080
52127
35340
40809
64162
71143
49305
65615
16532
69276
44395
5501
8675
62281
51341
45394
14744
14616
42223
19456
66848
70905
30740
68285
47539
11857
7858
51764
53046
35615
46316
1791
35434
43725
8121
57910
57979
16104
29590
8904
23253
31730
40304
43325
61762
68416
47773
24480
47161
12758
5430
51698
45325
13917
40001
9501
70064
3785
69027
5583
23256
33744
19067
63526
13089
25837
11729
12865
39105
49734
71237
40805
21297
6763
25932
40890
59417
52147
2165
45252
11860
51713
20724
10209
69856
3933
46776
63307
68882
61527
54580
21729
56652
5075
46217
47383
7161
59109
9911
17464
38285
392
33323
43164
1370
54638
14350
6752
57807
19237
16906
62870
33221
49603
24907
50782
57585
66476
61920
41113
6583
7419
70733
19512
19309
4236
21003
35036
1454
41672
7299
66026
36104
7680
17084
5292
15430
36882
7757
5387
2359
27253
34676
58602
23603
42687
19882
58034
3513
31448
32395
9628
23433
26479
44156
20241
25707
21308
9824
70504
23659
60564
62198
16191
57145
42556
5539
62317
15529
19344
50848
27395
9168
71619
25875
64767
37523
54092
823
23576
70615
15111
34662
48465
38069
15395
43438
4272
22879
29177
54542
41729
15488
64555
25175
36883
26118
19117
33745
70767
14535
19767
64914
15752
24290
18110
56241
41105
8037
25876
55178
25697
2660
15800
36138
13965
33189
52442
41043
32729
43312
51858
7285
349
19769
33912
4271
31901
49454
60113
6952
10210
34824
47110
69884
23005
63863
25549
29886
5677
13658
44037
34044
34151
36963
44357
62569
24539
51704
22276
1380
17564
57034
65234
20944
29000
41703
8823
36770
4125
41379
47933
12925
57865
55476
63981
61725
58111
30151
14835
31198
42998
45257
33180
1111
44222
53395
8876
23303
62677
70512
41736
5678
6735
3534
27313
29598
4567
19514
41571
59022
16374
25520
28274
52365
62956
7423
53054
19773
22492
40130
33178
43131
45731
49570
59646
69031
70837
6303
28358
17119
37148
44620
28633
6420
3571
22321
4608
49541
40221
17881
59228
21313
21652
55446
23297
57920
49865
10726
1270
3707
530
11368
4294
57590
36035
36516
44151
25626
71691
20636
39278
34650
54470
51979
654
26233
67787
12141
51230
3135
23699
47356
2535
26424
57548
28757
47694
5559
46733
71335
14721
16623
25690
11905
4451
25261
40374
54211
71583
8913
22028
37342
44955
40386
48006
60401
25268
56952
14618
31063
15483
22803
34330
38125
44988
46039
35151
65783
15320
2380
17759
19660
3431
39241
32549
44984
11431
35450
3451
49272
31620
44153
23773
60471
32289
33960
1487
14558
47704
49350
6186
5672
6414
68757
68596
15755
16824
37433
52263
57456
71366
33313
31593
43840
58282
16528
67677
23780
32714
2732
17346
29062
16083
12175
67514
9588
46999
13895
21743
41
61263
9892
39118
17133
7872
58296
13443
19739
18191
49624
26386
7454
9517
69175
43517
48685
35231
39790
8093
33049
29460
68155
71920
59707
26040
34093
24778
6868
19670
25535
53240
22078
67382
52985
28446
26242
44843
63224
69983
45237
8671
44899
21429
46203
54253
25032
1557
43301
56450
52028
69905
55275
46902
35050
64765
64624
26363
58766
60024
9171
66215
65949
55910
13801
19603
6972
7082
2216
49875
62421
45100
11507
31122
27565
37241
38047
40373
22928
59672
24024
64818
65135
40468
51683
5907
32624
11588
11677
26453
32807
62960
63312
64194
6554
12743
65726
55903
65839
32196
26516
33455
60845
40379
41189
1272
31333
4617
71843
14024
23873
43440
68736
15135
38753
46214
53330
5433
36484
39442
34657
69749
23613
20380
17066
49086
31163
64152
18743
39420
30453
17937
47736
27859
3293
12926
30718
35204
4560
46341
6046
65782
9278
40126
66268
6817
57616
70484
57130
54908
16349
44399
17767
26552
5482
25213
15535
47422
17144
8024
30764
21681
52944
45769
4790
28999
46017
7445
18314
4557
1047
54987
41945
64853
30569
51480
59664
28742
32894
45024
55798
535
18706
23919
18869
28602
65031
46377
67019
15617
62581
18664
50434
52488
69229
63747
11283
21096
22497
60496
9812
3311
1079
6375
34172
68024
52494
6391
14538
69932
42949
11038
69257
22565
27179
48300
2584
50757
21272
35066
32464
28593
11280
18693
25752
40524
43954
55505
68739
48851
19813
32614
36629
804
8216
24765
57651
65154
9155
23574
60876
811
65827
54790
12753
8087
23808
34728
64446
69621
889
17366
587
68763
3645
54530
32915
42979
37957
2
26083
62773
26236
17895
68509
20559
68039
65575
41777
13294
42394
27742
55430
31875
37612
59648
61381
60399
34615
39461
33799
44400
14548
18527
20178
47702
61603
15016
21491
3602
31935
21580
60883
21741
25139
34738
62276
68831
49530
604
46477
55033
54891
60343
55147
46053
30149
60544
39757
63727
33625
8902
23687
40399
60301
7683
30716
26871
4001
6962
45014
2828
4835
54813
1333
6182
39102
31803
7906
5176
41172
70819
1185
69271
3679
65107
67675
26518
15031
27719
59665
49799
52275
3961
55277
30597
6734
39532
56703
60109
18404
25256
33998
11563
53272
37708
31943
50161
62324
43718
62384
52991
55800
8318
18936
15704
22082
4923
53722
32740
1654
44159
58023
70862
32560
6238
7322
16298
31692
50565
39937
40255
62029
52143
67688
69944
61962
16086
3441
26234
44950
17370
68832
23461
13409
37454
21231
18422
3383
38347
42233
49535
60280
69017
44558
3649
57164
66343
27757
20242
63436
29343
18560
34164
4199
603
46941
53802
63842
2518
28872
14298
35477
4781
9895
51804
66239
47596
661
65439
26169
53076
59117
14169
31731
5674
58440
29418
3145
49559
24593
23262
28104
64596
39286
40656
58710
71916
35266
9827
13186
41191
4392
49814
4243
60025
42711
20989
2752
7405
13459
54467
8373
26457
20762
34490
16850
3825
56996
13111
9350
50053
66248
57589
35387
36270
11638
29508
31160
70902
69942
13414
34554
60398
70169
19452
10427
66332
62337
69569
54772
11839
18832
3007
9721
48860
44186
45945
69503
39239
43383
57850
3357
51546
50353
16294
35466
55647
64598
66331
58336
42582
32633
43612
9814
26246
28210
4052
53698
38657
51078
53386
41109
33006
44666
44522
41566
40257
33341
71834
22741
30157
25007
68047
48371
72140
15706
6161
18179
63866
645
2801
3977
67767
63532
48794
38425
66983
8417
13582
23993
62777
13961
34300
46555
21431
10945
22315
42965
58061
7023
5284
58506
44846
21607
52369
44795
64912
40442
41531
58597
44828
60622
68828
38447
45596
46498
21822
21467
26502
9508
21811
62329
41718
59133
47396
71858
47029
26562
17520
18865
51822
37138
38087
7957
23257
71577
61466
69894
47019
40129
44213
71253
71063
27155
20615
6313
17818
63242
13701
10238
17741
38149
3504
1963
14799
5213
27866
67541
2949
52969
26757
6625
27340
65369
53336
58712
46492
67721
8653
20056
16634
35065
60270
7544
61593
26114
35064
29441
36312
57934
71754
66390
17911
49169
20946
39375
27378
29240
11972
21317
62189
24576
61765
63429
12627
53083
44454
72172
69156
22732
56105
65860
20450
63836
59713
51220
62017
45478
63220
53397
21585
49515
13441
64372
54125
70412
24048
70410
34001
11519
43671
31769
57496
28745
3938
66604
37572
28565
9897
27900
51653
70803
69396
25137
19252
17332
60320
7017
70401
56446
45736
45209
53062
66178
71514
11341
8496
21592
24065
36273
26260
56106
38436
30483
18073
36773
39087
54705
2422
45247
32990
38785
60738
69015
34705
12326
28198
37883
5247
16007
59318
5786
65752
53537
36099
7463
54376
49670
2530
6950
18829
59334
17620
24908
30029
69769
71547
27375
38834
22649
9915
21223
64217
3127
4232
38052
71200
52136
47545
53692
59607
50243
33639
16630
54639
58088
59735
42397
13584
53031
58356
49831
69023
14238
68055
34518
32759
27358
59493
55309
56588
13717
24025
47567
57574
66214
69016
14779
10127
15523
17302
43348
55457
34767
49916
27731
41198
66612
4661
59489
68290
1741
19430
44002
36979
43332
66532
23465
54922
66681
25825
23491
11864
21437
45864
12594
62287
36779
41275
53449
29373
32918
38781
25173
39121
54989
57478
4719
43080
16198
63898
24019
26905
1253
21819
53465
33471
53384
37728
69674
67638
30766
9394
18170
35673
45876
5207
52
65501
69442
29973
3683
17135
16642
70726
44857
23205
16366
17901
36684
34004
31005
37757
56748
50242
54676
36055
60511
58722
1266
1059
51177
66796
23598
41545
50212
39760
28931
6889
33292
37070
66000
9500
2839
52528
65286
23767
52817
51750
18107
54786
36091
68051
12577
3607
5419
19305
29172
3138
34332
17071
41200
32195
44631
48079
32189
52139
28928
51973
26804
49828
599
42689
505
43837
48602
7022
70859
52571
18417
21851
37444
39659
35557
53271
2166
70150
70391
15109
15316
10196
30229
55350
28614
47400
68699
56431
20439
2351
28000
49499
67995
6853
35028
6190
35465
37603
69824
54797
34521
54672
21602
21723
54442
67898
12271
4792
69778
72143
37658
63232
7019
55577
27371
5143
50217
36344
43669
9768
69758
31048
66613
16121
19669
4349
59024
39749
71557
20521
5737
7305
27655
37508
37722
57153
7742
61841
17540
43539
71481
22243
47927
7126
29315
35926
56152
17511
64437
7910
33478
50586
5944
71885
45308
55531
61925
8869
21337
44419
40633
17740
5837
67971
72055
7682
34839
44391
43215
29585
34715
46153
1928
25355
28491
18992
42971
15269
38088
45288
47007
4806
69802
32664
33963
64839
51931
16190
22435
50631
65052
2889
2526
59553
63481
18953
20375
71549
30508
56602
71424
24297
46854
47782
70860
14903
67265
13851
36322
66333
24929
7284
1736
17603
67401
8926
40390
23550
29976
3909
53099
55688
22651
10237
32077
62025
67997
7482
5566
60272
26444
27764
38592
54126
34969
61905
41374
44048
16297
3907
10373
59510
7886
6410
16473
19311
60493
49319
50155
26198
41735
27908
10112
20625
21670
3119
52482
18448
17489
61758
29053
4684
59917
47489
24732
71743
13893
449
3647
24716
32348
14443
2044
11345
39765
12886
22873
38688
3496
43645
58049
8812
25536
4144
36133
57152
17894
71284
7935
12177
38945
40721
31009
69367
18098
36857
35433
24147
44124
4514
11436
65066
5264
11867
9791
65617
32066
27248
12371
5049
4237
39086
3465
56227
37076
56990
56988
66259
49733
66278
64430
3417
22958
47887
52048
31027
7241
52970
63513
3080
67373
31847
66860
6985
59099
42715
43094
11707
42251
43386
46078
57211
69888
65590
63785
70230
22498
3535
4121
60843
25434
62405
68093
29677
14716
21727
57814
65279
6645
27769
47778
22827
70588
3743
27502
30996
71220
59681
15517
47101
12602
37578
70082
60410
28822
37656
23385
20810
54795
44864
5074
72195
18864
31617
35833
51974
54457
3787
16513
32615
63964
67159
6741
12882
51264
28036
55121
7291
71364
35022
42100
16736
33417
38964
43437
18297
34614
49438
58484
41541
1467
28892
32794
21812
46242
57948
71151
26078
17825
66326
34309
62097
56929
15479
23488
58123
22326
16202
18827
33843
70416
44726
25109
68602
10124
667
16679
50180
18729
27999
31918
3312
52130
58500
22650
33351
6228
64406
65584
6818
40894
29820
64823
62048
43731
59727
5145
4444
49796
10723
11552
15360
1321
41236
55435
12823
32739
5149
57812
35390
36318
62722
70934
19537
47031
3131
37961
12997
10535
29759
3470
8887
35597
16346
44829
63722
47943
10750
59780
17198
49444
45479
62460
44951
5146
7902
7441
54917
64808
8897
51793
34658
3831
40652
50041
8734
30733
59444
7086
34639
36367
3956
57717
25830
28213
4323
14292
56032
18487
60819
31631
39167
3850
9521
492
15963
44436
71551
48968
23539
37372
6224
13990
42122
21672
18029
240
65068
17933
13160
41540
36430
41197
53030
38353
15274
26215
59582
15351
28215
21232
64836
29875
21887
60475
43956
46564
67548
31449
40702
51371
48878
14759
57944
32297
61910
16556
43105
17173
57813
36748
69617
17022
49137
27211
38254
15871
26243
26651
14727
30305
40866
45389
70035
23611
17426
12186
1462
51102
71717
67409
19396
31817
71101
63967
66721
67994
6751
744
60464
66238
17182
48068
27828
54094
19210
46298
56188
70812
45537
41108
51452
69994
54386
20384
54400
12302
11394
59231
13700
18051
40948
51802
8613
35858
21730
18949
36973
60023
49834
7225
12286
36709
36354
1347
57685
51733
54255
29916
29947
9477
48309
36551
9195
20272
27733
46342
7438
41779
55037
66437
11172
47774
16612
59715
68441
14152
40263
20271
8827
65324
5297
35053
5064
37315
28902
64365
71039
64778
42451
72142
30240
3608
37574
39936
43553
7692
23260
25758
41235
13747
32659
44220
43272
59923
14755
59303
21332
23814
60014
20498
32261
30142
49210
28212
68944
23255
65956
42054
7542
1325
36965
61715
62810
24158
15858
42229
67182
47048
33627
46376
22598
36065
57959
22292
47569
5477
44016
21480
57639
36628
15833
4134
5755
36697
1880
10579
16350
5990
67067
38658
13146
43065
14577
60117
67970
7328
12739
48447
39236
25341
3725
63103
43317
53729
69940
49078
43593
8231
29250
54431
35027
49668
21295
23648
3860
52262
38211
68645
70479
20777
18050
43732
56217
15538
43958
33121
49488
61733
42551
51542
51771
68858
44848
65291
56244
11740
25640
19860
69294
55112
55111
46753
498
25912
23474
27819
35497
55964
67264
48348
7752
59313
69788
47532
34003
33068
14756
483
7552
59505
39574
29858
32226
50313
10943
69635
70392
5428
6791
1065
67656
41259
24034
48798
7274
27365
27200
5861
17328
2274
21538
28791
42485
66391
7282
18279
69780
30414
39215
25026
16729
38441
40116
65727
8243
57908
55214
13714
36005
4852
69370
41882
63510
25367
46735
35826
61766
22562
22506
55287
61959
54788
69389
41131
69834
37605
50153
48372
26511
49453
53716
65957
53776
25184
64791
64541
33741
4849
8200
15463
71692
19866
53382
67282
37879
4250
52618
25733
34707
43760
44125
11874
57468
39441
69251
14966
31835
46634
51000
34637
44665
9762
17969
4649
41606
68539
46425
69204
23226
56097
7912
14424
35489
37991
47563
56387
8605
47039
27926
45548
44405
24097
17804
23589
16067
28649
46324
60491
44443
5318
65267
23472
5871
26970
34603
6871
33898
62448
35029
21744
16583
1774
43320
71816
72173
57572
66630
5042
9577
20964
63621
4055
35393
13415
8929
46084
70175
38828
47873
62781
69231
382
4026
9124
3688
11316
8044
21346
321
6746
962
63263
55001
66471
3620
29285
23469
27982
28874
17858
30751
53875
8239
28035
676
65775
10961
65095
9590
12738
65898
693
17269
15530
24595
46302
38602
2432
7896
3092
39061
68089
30779
7303
4123
3424
65997
51339
19069
16605
36077
61251
50826
51971
4789
40261
17099
34462
20879
43346
32718
43820
60078
36833
47708
27237
66407
8659
58493
11842
30156
495
45847
60788
4612
41024
58434
13921
17432
52357
31683
57482
6377
27852
52767
18190
72069
9710
26310
65187
9164
57945
34695
59732
65043
36670
70068
27550
36731
52279
42938
33790
53839
46050
28324
55433
24776
63084
12518
34371
7404
17571
30395
43033
37117
60045
68087
44005
57457
59137
41835
69225
26950
18130
27079
40391
58437
12425
35269
38612
19190
54910
21886
5541
38655
59568
36003
55650
58782
1464
18109
46758
57339
8386
20639
9495
15681
47802
66344
22881
68129
39115
10793
45099
10742
19382
47453
23381
54425
55242
39008
46777
65039
17883
25349
11330
67676
13370
28884
30745
46513
4550
56686
35152
5008
2569
834
2395
35604
5886
61306
16339
37917
25174
3670
17541
70065
66722
17247
59333
49561
31685
62042
44351
29849
44569
29338
35722
345
15428
32237
70075
61375
29036
54471
606
71860
58337
46272
66598
5551
19664
426
29178
21307
36265
61921
30615
23806
14162
70482
54363
64586
3435
27075
30681
52377
30433
36342
24477
69253
47777
58519
6442
53402
32556
39689
30138
5893
59453
40209
13957
27377
52359
52995
50056
4114
60075
4398
32404
33458
17310
35600
65817
67461
30699
5581
17966
58421
35156
11461
9110
11028
56795
55145
33268
1372
52773
65913
15439
15668
37190
6393
37657
6602
63982
65262
2737
58080
48077
44534
17360
1465
42719
62335
43739
49623
36381
5870
38446
52947
3638
35932
3932
42994
66937
1902
18763
18837
41453
34051
15672
56309
22319
15348
16089
40211
49284
46168
13583
22173
56958
34791
13840
45307
64794
48729
35052
49629
71831
4024
32635
13358
387
6266
20174
4342
41255
62470
71707
3605
39415
39903
42826
47884
68096
19420
43587
24278
26508
29773
33736
9444
55644
33614
9727
59652
41265
11062
35014
56569
8246
45484
3870
22755
3033
18520
43104
60789
37735
31242
40094
60538
61559
48613
57569
19016
69351
36734
58132
7705
43728
51697
35493
58447
53263
57848
64714
47302
29004
1050
54385
23332
60785
12110
62434
14177
36379
58157
53753
35817
61838
34541
68531
46939
66112
43468
4499
42802
23011
49819
53392
60175
35038
7687
11456
25827
59812
42244
21438
8935
38092
56181
12014
20866
29354
44618
65710
29821
43575
18905
32931
5813
28574
8571
1078
1651
57124
61028
8470
54749
17284
29010
55645
71679
54741
17857
3988
58523
56367
56775
68834
3644
6386
6408
69494
51730
61680
67894
63503
6229
7309
27649
7448
68349
32662
14540
63881
1681
42698
30649
43802
49207
29560
30923
6600
36317
52797
9736
27839
34583
41279
48541
24083
28438
41808
25831
19646
50
42115
55534
25336
42186
71140
35475
65801
486
15
16633
1965
21636
23356
66842
36358
41856
52570
57931
12964
47203
17562
69770
67158
30758
70732
19658
42135
53172
58126
22170
43987
9930
43551
22663
36275
56323
2040
65746
39624
44533
37083
46206
45458
44966
6534
29979
41967
56751
31181
52211
55518
48669
17291
38208
52956
68590
794
13727
28225
15812
7255
36050
17918
32068
63990
52980
71030
2451
40909
53806
72177
22160
1869
49403
48000
52355
68077
50283
3379
55649
44422
36283
36496
38607
8898
32621
37507
1474
46901
30618
48304
16365
38460
39280
45718
56468
65325
43049
58721
9151
2708
36361
27591
44015
31352
2622
31030
35596
30091
9403
6045
9109
50201
12352
48082
46433
56316
24537
22789
62587
16368
36953
52984
1279
8397
5819
28236
46044
44531
69671
17955
59515
48109
30612
1960
2543
32494
749
11467
4211
64335
4553
26650
59344
18114
21588
70587
50316
70840
4498
48157
12449
22845
37459
5493
12105
62953
71260
4393
62575
60584
37369
11039
34205
4053
50146
41134
1390
60092
8152
63774
3078
51912
44014
7373
47053
42494
49666
62871
71126
9341
34883
17442
47021
66861
28613
35061
16442
17671
44518
22279
45944
34047
34442
28353
61176
43607
47859
55669
45304
36434
8191
43172
24148
38268
47695
49954
20635
46792
37995
9591
63636
31811
18084
23768
65875
37644
47928
32190
55170
58805
6437
5029
12616
20801
42559
62742
57348
62430
1081
49525
19188
24534
15324
27996
24054
54603
61309
67731
8503
8627
46184
28108
63775
22747
28896
59535
15910
43488
56071
63841
3006
24777
62961
66768
58725
2635
40016
18461
44221
20938
61757
61853
38511
17203
42120
44480
8429
54940
36089
13703
67406
64519
42131
22495
30388
33192
31050
52134
887
21573
68729
44226
60891
7514
12600
54655
20134
12757
20569
56600
61297
68475
40010
69162
29254
32994
13412
9162
60687
5005
22728
35015
17677
8633
39785
34732
57753
70816
51857
2105
18785
26845
27126
35610
10243
15329
23328
1947
6907
7914
57583
51581
54549
17271
4802
59408
48829
60114
24980
19729
20263
20753
28263
10218
30700
15663
27257
5167
20652
11875
34855
19429
45299
35518
46287
49568
2953
37515
44538
34519
510
4034
41194
60415
65150
72059
21292
22557
29783
6320
1883
16103
70617
13669
21506
15193
62277
29570
8825
5186
69397
4408
35527
3811
39585
32998
59720
694
38286
68262
71709
42291
71069
18538
29726
60567
22226
6233
23816
43344
11692
51068
31814
60350
65656
69637
39425
4829
30729
41636
46359
71839
8421
70015
4046
35321
49764
3663
39587
28029
30022
60998
40450
16797
3111
14422
17286
30289
15433
36438
57367
71845
62341
46648
55520
11659
15888
5508
64441
38664
40811
49536
32447
16639
69292
3784
885
4787
49912
57899
7756
2560
46567
70415
52031
48847
35923
57927
49114
28610
55107
65013
25372
5268
53381
26959
61302
43545
27146
13501
3116
3125
43307
1239
30728
52372
48089
65774
15879
46997
23467
5126
44127
34307
56987
9668
48223
5542
37140
38292
41625
28427
37239
3764
57905
29626
22917
10725
23533
69343
71841
54796
55579
67583
61043
11904
7237
2537
24230
68283
35069
44776
60469
24069
49358
3871
15536
38922
65709
68034
13463
26780
66048
59934
35915
31511
9191
44825
46090
682
36424
15703
51756
16356
59349
26251
2925
7824
35877
31019
18233
2631
47634
4030
10261
44983
71511
65245
8749
43257
50827
40813
64008
49783
66382
43907
45353
3416
4
6425
15366
65405
21318
53150
1351
41271
5765
656
42449
25029
46588
46855
48833
50448
63880
68138
29423
30308
61439
20809
34515
39982
54541
57679
54850
4772
30398
23572
60082
69881
57438
23924
23683
47550
57764
68727
30321
42817
52126
34691
49813
64708
52131
52867
15487
28703
20799
32185
43873
47558
55988
63418
4269
9347
61369
14312
71740
53396
28317
23259
44030
25542
43444
7888
20852
5203
68080
31171
46751
55029
680
64705
17742
19078
20568
14474
43096
50156
35034
48248
16637
52573
42681
10281
14144
54721
18176
39265
43646
29447
27925
3450
1643
4573
65403
27827
55431
51409
377
62958
32498
49522
42573
3105
46332
26702
42245
23579
49353
61899
20285
18551
4619
9771
7884
48484
42254
70198
47568
18950
40804
25219
1779
69817
71249
33561
37518
46657
61296
84
50562
1113
28412
45312
58299
39211
924
66975
23480
62674
46336
63464
31812
20947
59457
68015
43025
28945
2444
36235
28898
58893
1268
14291
56388
66917
1585
42911
69444
12248
43955
7724
18966
22139
5684
8241
10941
15593
20914
33613
5608
9479
3087
36126
33358
39451
60871
4133
26383
45146
61687
71156
7798
103
60409
65357
26968
36366
17345
30978
27579
42252
31180
5486
3516
56025
70758
69782
44284
4838
44187
57598
22943
18821
15945
4006
39934
68569
44651
33689
43101
61714
16340
60353
45613
26214
17461
2099
39739
71697
42290
8143
57662
45284
59902
4293
21504
2592
28499
33579
70948
37724
3001
39113
30831
60685
11640
63092
690
58382
47225
7292
36868
57032
43381
23290
3019
32697
38668
46270
55172
63226
4616
24560
69403
40246
56564
63177
23133
36404
4866
15440
9900
67079
59332
49314
64049
4731
69598
45924
59357
16625
52361
70807
15518
26082
15796
36440
54070
51907
21544
32639
45997
47799
66392
3844
44423
55965
38159
42541
8899
47036
42831
45710
49340
46557
33692
26431
69779
30084
63947
48803
18774
2735
3166
36405
9400
15798
55032
57371
6981
62280
27088
11228
16600
29335
44427
20725
41177
59123
15425
37925
20553
71770
43462
61171
27519
33339
4192
69380
55103
41758
36272
51491
17072
35228
56159
36414
25135
54874
15315
10965
63104
8670
21576
17954
36495
70462
36088
25501
34426
36100
44107
28493
26346
30698
29156
68351
69582
2707
35356
23609
39276
22281
57987
3776
49253
27614
18465
60310
65290
38091
51572
16833
59911
8946
42264
67072
26756
26813
33058
50783
70145
3040
60445
6831
44486
71375
66870
3816
17175
31183
43358
4507
25620
26700
19668
9575
23570
51723
34179
61610
781
15819
49537
51655
43203
26171
9460
29075
66944
10925
56140
67055
8096
70989
2835
16088
37790
4217
59465
65750
26070
21269
48211
17258
13926
49946
6086
28040
25815
66798
48015
16478
69279
13127
50426
14491
67722
39469
55977
14736
23654
66241
18835
47051
95
68134
14154
4042
45636
23231
3619
43066
13693
69513
2967
50387
7566
70779
798
21511
44989
14282
55058
43988
17357
47124
4511
52771
1057
16602
61508
61686
13218
15680
15907
34721
1648
46030
3858
41276
32249
47096
69752
27748
7570
58742
64755
68955
2970
59618
54089
58944
27384
29612
70026
34860
17080
30294
56286
67020
27136
61624
17897
23379
18526
5478
52125
17510
55510
60169
39436
54415
43960
30333
52789
41126
64369
1483
33753
63070
13081
9456
38049
62886
9519
56983
67973
17539
27338
22299
55960
52527
35260
27521
60019
10486
49389
14143
59172
65318
69839
38531
24467
26790
41652
37613
48545
46493
26483
14911
21775
47566
19350
1353
66378
36682
48807
57591
5381
46626
56432
51427
12075
6546
17719
48684
25926
13726
36705
1867
58752
44699
9458
12682
39426
50285
2746
28338
39315
50523
30460
20055
36572
57687
62872
32995
13845
52273
7711
7627
55612
31451
51354
58021
2968
20943
4025
8494
20288
47584
21717
23492
64802
71036
7444
48539
31749
4112
52434
7025
65723
199
55527
40099
43625
19390
49440
5763
51267
54701
67124
23483
53454
66794
32268
62342
26924
22660
40703
51993
10984
26556
32992
68698
50277
433
18183
27745
41579
6180
60692
59721
4663
51794
6227
31871
66812
14559
29020
56560
69895
69874
53670
61774
14766
32954
35861
36976
5500
4252
58331
42511
19879
3708
4483
51467
63106
40292
2623
2589
51742
3502
70356
57500
55279
64342
50379
47932
10964
42568
44406
48250
9757
52763
52610
35502
6458
46082
60184
70893
42521
4551
18862
47417
70291
6874
25343
1303
43008
29072
62652
49357
70468
9314
40382
36269
27994
42283
40945
54589
9555
61584
25176
55917
40800
58977
29647
60174
65918
18137
66985
43125
33114
16267
17107
59141
16359
8731
7875
27765
13995
46892
13332
52814
32570
64529
64639
24100
36537
56879
11746
4465
31991
44837
35657
70724
7656
69267
509
9729
42936
25846
62584
40213
69736
8232
43874
35208
42032
20381
15437
39541
38901
49754
22488
19345
46903
9269
59461
3810
54078
46000
46094
41322
38924
25033
16341
41673
24788
38217
34186
13321
4110
42113
56301
62909
41466
40819
67946
49289
56991
7064
70917
56646
16345
40393
65985
70194
45574
10747
35339
60046
2361
27342
47662
25346
7406
13234
53467
10566
4508
29325
15900
63568
64675
5273
26038
39288
63608
44397
52572
54438
70347
35476
70781
42369
9724
62891
1455
56385
55987
51513
40676
8828
11131
48797
11506
12938
2738
60459
8931
52914
31293
59728
47154
1671
49018
7087
34343
41542
7689
70231
6236
34545
14545
49622
13464
37465
40883
627
51755
65097
11985
68588
41696
51731
21905
36636
45545
11384
57710
33665
50195
38158
31919
41580
3770
6840
43931
22436
40097
64698
55685
34611
37147
66713
71102
49667
59443
45585
24483
38281
43463
37513
65947
64599
46208
58881
40646
61528
9688
43077
63615
18808
69241
61586
50625
34466
62534
29977
27896
3448
36780
35547
5051
42769
63536
61368
66276
69119
39149
56235
58520
9439
14884
30909
40931
15291
46188
7856
6885
9830
61269
32924
12327
69928
25390
47052
19208
21805
15816
31521
38195
61054
70409
9131
31051
69260
37361
36071
28432
69583
22006
8739
43885
10763
41601
69223
16299
48451
61196
8016
27883
8249
56189
57826
69431
54148
42045
18692
36688
59192
27178
42257
13754
28628
40940
52033
52616
36665
25836
16162
16964
65453
20848
26568
29073
41874
15396
27646
44194
65940
45260
14957
51744
30759
45605
55173
19615
33662
13897
22882
43867
27727
37139
62039
624
39570
26474
3117
61618
8813
53258
57937
66439
39668
2703
36884
19616
22831
340
51753
56459
14866
27488
12108
33328
54699
16165
46067
68075
31066
69579
26489
7504
42580
41262
51358
34444
70805
57103
1916
29442
52950
51553
62437
52368
66167
38514
40497
37956
5329
68822
31117
4122
3833
65143
23181
65282
62333
68288
63086
8867
42548
1114
24055
4640
48170
40803
42958
55004
41460
20699
60357
71041
46889
43087
29154
3738
25734
26482
15363
26481
51737
62468
29664
43082
52860
57650
8459
35344
26792
51721
48800
47003
32658
44727
15394
16534
31072
56168
63172
10344
5059
35963
49501
4399
68296
22340
46896
33654
66539
3627
20422
35855
684
26137
11471
26390
14941
26435
4815
60426
1378
29387
26155
13103
57266
30249
19348
37606
51741
6203
71292
56386
11474
50659
10426
31349
40096
41725
69761
26463
23250
34494
3772
42844
55902
63638
40650
36624
39824
17788
8445
193
69034
1796
16638
72080
47428
19673
17368
54803
25634
38534
49777
32489
54678
56072
58539
66410
178
15355
22642
31094
22791
27168
2694
59181
23770
37575
25342
24772
40367
58823
3666
56007
5716
60100
6543
25636
16347
42321
42309
56562
33320
66771
69820
23382
18550
26244
54775
8628
36476
18998
66339
33604
54345
53159
7259
19381
7958
21336
3579
51005
22274
23727
24752
39397
40917
60732
70694
9909
53269
43709
54393
33902
17078
44420
75
4859
56465
17834
22496
30837
16000
9611
40012
48466
325
46730
70513
23580
58527
17763
67527
13909
24983
10583
6401
44491
58138
17970
11055
2736
53374
49407
58760
60313
60362
8595
5683
37281
57678
26080
14719
69296
13125
70172
16078
35037
51155
17783
4894
36446
42818
43441
35918
50422
6193
19450
6991
49752
13697
21457
7338
37054
12949
3094
49920
10250
34601
51040
70066
51432
4580
23170
25992
33989
9108
57809
11306
21088
13328
5671
58559
46641
29803
33055
63326
31184
8261
17296
13296
24095
48375
69013
4116
52061
65912
65748
23141
8714
8558
16727
5177
9338
13323
20123
57104
13442
16208
16669
25167
71828
11295
31055
4482
37964
5489
17930
67732
18674
40098
70
62168
69218
3129
66236
23597
52623
12368
25190
66243
47535
808
1475
25679
69912
2751
37798
61110
9163
39439
38566
21578
24146
65611
54285
54383
61523
7955
66989
63694
38443
29882
39282
42281
10988
19953
7060
28873
32966
13723
3780
5166
25638
65812
17324
62486
12694
65487
9156
50282
55519
54080
47883
45901
21894
54800
43001
21227
6867
8600
6450
42316
6945
50511
35154
65414
7112
59507
39112
17148
22035
36449
9480
25127
54412
55919
7548
9825
47122
62016
3555
242
57733
18010
8229
16740
31101
52611
12740
18054
46947
9438
10374
16966
30060
36554
47229
63941
64344
489
35514
41793
40723
18836
44160
2832
26682
3429
10807
18769
9061
6884
60451
25226
44309
43313
44905
4147
16972
54855
14258
22108
33562
15890
27360
55971
68827
49790
67385
33695
62697
17646
45540
17963
11738
32667
35541
58510
3306
49281
22957
45940
3820
47552
3251
70240
60566
39256
39753
23586
27546
69374
70863
49386
64817
70054
247
35225
5664
59554
3043
2705
27615
70800
29319
6311
17515
49270
67016
19433
83
58218
5148
54076
58531
17438
36101
16327
69212
45340
41204
8505
34859
35215
30218
65035
39255
5476
58772
60292
1304
29409
40613
68025
39433
49082
51960
19735
67151
32410
43030
43706
45355
39114
17025
38768
2397
13614
21716
18225
30938
45017
18021
28117
5053
25582
27812
63438
33190
7854
15138
55486
53340
51446
59506
7987
14087
50556
21546
55540
38515
62255
39223
25344
7071
53068
5945
65950
55929
35150
36439
43318
55973
58816
40498
63654
60866
64642
24695
32394
53106
71844
26601
36380
36633
39933
48475
66165
54052
10119
52940
6755
15512
7378
49206
2591
23306
41940
43871
21594
58652
39830
5816
71262
48489
4860
56029
13366
1735
58620
1381
60888
51285
2604
69304
27851
672
4197
42241
19436
35799
52765
39472
16635
65990
27572
66684
47554
61786
47533
8937
20318
8433
67859
61608
38756
2536
64833
56310
1449
24292
58494
66009
71862
40892
68511
18772
3767
15797
22833
10709
33170
3722
66047
7301
38765
61399
46357
52034
65816
71582
61898
9547
52192
45879
17687
45505
13110
198
23201
38538
52183
58371
532
47562
66349
8602
5947
2101
25855
53038
10745
33793
44268
4489
39811
50697
52862
65717
53226
17912
30577
17350
65105
6309
44322
21264
52318
2951
39073
3276
45730
31680
7440
4726
68355
44324
67578
17358
12225
26075
40066
54602
63068
824
59673
23599
48961
27807
65713
9914
65948
31961
37504
44437
24650
29251
7140
8807
29717
272
32568
40728
59805
29171
66280
45738
43070
63302
69760
3031
48347
473
58547
34727
58501
4347
45760
59229
55515
50436
60042
40095
46861
10934
65079
42921
2533
51946
66530
4449
53270
26060
7139
3765
49016
20864
13114
66366
30598
33986
64009
39287
20562
66263
35531
72137
36830
60262
4013
30921
49563
71744
67529
45152
68532
48869
5208
14731
5667
28828
64782
45410
41136
71713
59781
48867
57539
23090
63522
48866
12946
58461
71338
22379
23270
57350
46729
42441
25850
23525
60563
4909
62279
11982
26775
68007
27648
7883
60873
48495
39366
7891
70465
29792
31006
51105
54744
29466
7279
19428
18413
36209
36012
51740
30300
62690
32499
28947
51736
22522
35203
65685
50241
70735
10604
10606
62043
56294
51554
52784
67117
40634
18223
9464
55972
5414
61855
44254
63858
16470
22816
64763
70480
46274
48783
21547
5682
751
7962
34825
68131
50432
8872
26425
41847
38675
71426
51695
52795
40640
32214
17817
25195
70591
37256
30904
69943
17904
26503
33910
56749
51107
43299
46361
36351
2702
41459
71550
7396
2063
64636
45015
71313
36750
58949
48478
46190
17434
23679
19647
42129
41844
9775
71746
18480
56
3665
38665
39444
50151
53049
52213
57177
69259
54111
40364
66097
69499
44711
1581
7911
33682
56934
5260
24896
63506
12179
36747
4388
68033
60821
21348
4611
29311
57141
68236
37884
1798
33269
40501
66436
16398
20324
27120
68136
69106
14351
3333
35995
19672
22178
10097
5829
67657
65680
68512
67575
55796
33459
28028
41966
30601
32806
1891
38654
69973
13557
16951
23266
19335
61773
19438
44641
65811
22802
67026
54942
30528
13511
16363
45550
50921
18460
18459
37951
64724
34356
59868
4390
52052
1801
69250
28013
43042
48848
5680
58543
41178
34341
59653
49804
52276
26356
38807
26774
12634
2906
77
37793
19910
61553
19431
27772
11838
50246
70626
28349
686
65714
469
53371
69120
45996
22886
34355
7300
17077
31172
6225
49451
52281
72210
45509
38957
44379
65278
5286
57749
783
16373
6737
7953
39445
16596
34211
49191
37255
54680
6444
36880
16395
65126
41107
43594
7885
4676
45860
51289
21738
29326
43035
49728
3184
19510
67154
53897
57006
55501
58765
33472
11178
62721
18317
29912
36630
54969
51166
63240
68132
17362
5296
36121
38927
39023
8086
15085
41183
42974
35342
66052
36093
30160
5189
69715
61756
21593
32738
45280
45239
17150
36120
19320
20844
29683
2436
48857
6404
67469
43672
71183
27650
29593
49744
42791
5914
7442
12632
57886
48318
11569
10575
53504
18236
11741
40642
64835
23945
34582
60090
45717
28821
34308
60940
1365
15769
64460
50549
33319
61410
58339
23705
45956
68604
71682
21458
20563
54630
53757
70900
3436
8029
17095
41738
14748
47112
5173
71917
59662
63102
38162
27741
39572
34472
41593
46494
53124
49830
29901
3428
58755
69885
37200
69934
70760
52584
54474
38346
52808
44817
44721
44155
49242
31959
32139
27231
6352
49500
32100
44314
3803
36284
33577
38734
54883
14158
30867
18567
31401
70935
9443
41187
46505
14958
1570
28629
7894
65715
64883
53043
6843
23127
34950
26657
26253
40222
45094
28566
56464
3639
63657
70339
13149
27658
9178
46146
37462
61142
55803
47875
47710
46895
35223
5115
42491
44120
10836
9100
53428
40220
65042
365
69893
3750
5903
41420
22815
4727
43936
7932
681
69368
33768
14445
62533
54459
60844
63578
64633
63116
69735
49136
21300
36774
9600
68324
7715
32236
25623
9570
24989
59725
64254
596
65618
38354
64594
46465
44137
50512
6736
35058
13902
45851
32374
15142
59052
52779
39728
8927
39691
12223
32343
16645
35247
12414
71136
15301
52258
43911
15354
1202
4205
8662
48832
41544
2363
61467
31933
17070
46441
7177
9380
52141
16598
10228
30607
10242
35499
53325
28359
25699
44800
58084
59932
47962
18411
46277
46731
14542
33218
7326
29562
67950
60818
35428
58877
69690
21606
25502
10950
49290
3560
47689
16085
16154
14963
57613
22690
34849
2246
33984
13389
23650
39137
59650
37734
44466
44291
23501
29331
60820
47579
31958
8871
49241
26711
49209
63521
12134
19313
35925
67697
63520
70529
21433
15873
53451
12379
40993
39480
44973
18604
69504
78
39615
71192
28429
32153
14092
19306
72057
28569
52370
46027
34690
18358
40999
42107
48240
4745
71748
3479
22269
62272
46788
27356
13951
11818
37449
21577
61678
54086
23607
14909
11279
4837
48595
4402
40114
10376
16022
35880
45622
54681
14245
54670
39940
41278
17816
31616
55365
32970
25371
47362
29301
34697
35177
32774
43668
3013
40935
2904
11030
57909
65585
66049
5772
71341
40842
4111
54325
57981
8205
59926
59425
61304
42188
56430
9899
54257
66371
37521
55024
26115
29662
20885
36538
6184
8038
6435
55421
13833
18676
20605
37141
6054
25131
15675
71752
61710
30368
70834
37517
56324
43213
33766
16728
40740
52259
44054
13387
8422
13145
42038
26703
53059
68231
63986
66385
71259
23909
5719
16994
20560
46102
27247
67789
22423
35041
5072
9913
46200
58460
52208
10055
19904
41594
40950
47739
34998
13617
18027
38154
19625
67905
18988
17957
18991
4549
39179
58051
32710
72184
2916
49076
53148
62806
11272
618
58413
71584
3846
42042
26111
54341
45315
69572
22909
29438
69291
63534
8088
8431
66169
63090
53087
46489
24455
2610
54654
3736
2992
47700
15961
26235
66542
63834
4927
8504
45018
41629
27682
63181
34052
70916
19716
72182
54706
27776
35220
28351
25212
30118
24036
56585
9179
2236
70027
71708
51578
53879
30228
5063
26245
5915
9569
5668
39537
37571
27887
16610
33686
42166
10829
24142
44990
57133
65722
68474
21597
58159
26239
10830
14895
49521
3
72198
32553
50691
45870
63789
10113
28309
56098
16166
18891
63548
404
2639
4043
56883
48966
14867
48380
33670
62476
50384
29069
48481
3497
69352
65832
11868
66765
72060
65554
4690
4213
63726
14751
70629
37522
48004
37712
26676
41816
46993
39428
3876
69022
59810
6961
44442
27362
44670
25239
53705
31079
65108
68598
39989
63119
50508
7890
637
47546
44217
20231
67131
29610
35822
22661
55314
19676
43809
16511
42262
27721
57529
32805
16075
8654
48461
21291
20910
64547
67390
19356
31690
13183
46196
16222
4581
19435
400
47340
49066
1626
49874
1874
56003
69993
24570
17321
45210
23578
58333
51906
66709
36878
52990
32637
62007
28443
64346
8379
25633
59867
57349
24932
47304
59921
25281
59803
63984
51111
8673
65747
62326
59501
9586
10966
27744
13748
37740
57132
57410
35734
42234
60002
67407
66964
43818
45708
48824
52282
37453
46374
51347
64440
24954
52274
9503
41129
41946
29025
44241
49192
13403
45333
59574
36843
52051
7293
52785
4939
11870
54391
61555
42577
50654
1670
52142
58366
26131
2437
56537
21486
4140
55031
11064
6640
42819
47653
66634
27404
32484
13418
5735
1391
7224
13554
19727
13829
68579
34199
23400
2524
30095
10041
52702
57648
27870
43079
68292
35519
43838
54539
22374
48294
70071
31944
33008
4896
50770
54943
69371
40138
17777
7134
55507
32502
10107
54712
25028
33044
70393
29161
38594
21774
23772
47983
51287
65718
48504
65815
66627
70023
45880
69302
3726
44307
51492
49414
18483
12932
8120
54440
9141
35196
44352
68153
11828
25170
17120
5641
5648
24804
42085
25547
58473
14615
25544
22415
28741
3056
21349
10046
46726
40444
39943
59054
10589
60557
33611
50521
2964
11589
62919
25812
71114
13444
63501
39097
41620
59680
44402
6869
48335
8043
35267
54018
30127
37395
66176
45197
61612
51619
2247
29368
5570
31776
37201
58720
3805
17314
32716
33336
33288
8669
55129
69118
69388
6063
7329
56230
9891
45863
16606
2989
64333
38463
36410
51226
29468
66633
20472
8265
56556
13209
32616
1730
55188
59456
12147
21430
63647
64414
6848
58010
208
61763
1203
2952
43716
44842
67006
54216
2907
28027
64706
62873
8632
70577
50394
66375
58619
34435
32896
51428
5669
42487
26736
24045
62404
66386
57178
56505
65953
25381
67901
19911
16458
44273
18090
203
54117
66434
29006
27435
6057
41699
25069
14495
36735
44841
19778
27637
65148
3720
38591
70734
25493
26277
2994
51484
53104
58462
40677
58376
26211
49443
31992
3494
13579
3918
5549
16332
13715
65882
13942
8721
17798
15711
25723
37976
50607
61346
45609
18804
30756
39423
15515
63724
57878
66228
69029
70413
29914
540
39897
58133
29854
13745
3500
26112
49786
70542
51364
51582
6279
41320
23608
60598
39467
2957
22942
59347
6598
2745
45293
15887
23493
54941
586
52210
62018
48799
6157
62428
6170
5693
39001
15710
105
11383
33985
53238
64371
47364
18784
40942
15033
48071
16008
42697
58143
50354
27774
42067
42904
6747
71314
63614
58700
20952
38971
39403
10923
71317
22175
27346
32861
35082
36177
17729
61461
8250
72065
31192
40617
34362
14613
22122
21013
38151
26691
51512
64762
5116
69359
11366
67701
20570
18967
40371
37039
44521
18944
33801
1350
53082
27956
67468
14758
33575
30374
29832
42132
46857
44174
49459
67118
1649
16954
600
61803
14257
17501
32409
20337
238
48801
51968
688
16863
27504
1865
3186
42403
4922
5195
68680
9551
36873
15323
46156
53475
21178
64821
17088
49214
57131
43038
36204
58115
5568
25262
40060
11548
14142
56529
54757
58612
35004
44468
40796
32730
8936
34729
38833
53085
41669
27109
35927
30988
49071
53327
5124
49758
51288
57409
39487
33805
17570
62914
63559
56041
71825
69364
64686
20170
38054
55873
1332
46442
4571
15339
12638
54584
26778
40004
5866
1105
5764
4296
22721
22009
39138
8900
33183
25927
6440
39751
29483
35498
2796
36509
44122
69109
15667
34008
71423
7297
40889
37133
30042
22564
41554
45249
6727
61949
1922
38002
58027
12842
9981
45943
50054
48220
26782
52212
69390
17058
2651
43469
7428
27336
25177
59907
34964
58859
43962
46595
58985
63117
68094
18042
71553
18530
68689
34185
35391
50049
55797
50159
4273
36832
69024
5434
16128
23178
19498
66435
27487
64584
6814
15903
54637
7131
40307
64773
10106
23860
3507
38009
47005
4836
9673
20783
40495
71942
17165
38565
36525
34484
63225
44635
18284
62579
40841
63875
17565
70403
12664
30495
23917
25635
30329
18080
18174
19449
34354
13914
5138
55967
58504
12181
59175
57839
56492
68130
15666
20963
12018
8
104
19675
62046
34422
6689
15761
51911
12185
4448
11278
39686
47633
24206
59719
44514
69891
18494
42490
69517
65763
65897
69916
19620
31937
38251
4105
56466
32215
39024
17743
17380
27749
6110
12276
28489
2742
35407
63114
11395
19726
44359
64452
98
54925
7324
8165
68864
12184
57180
23319
14433
18698
47786
55244
36944
9478
49238
44370
25665
71880
51056
48474
48092
51956
24241
18031
68738
7067
34370
479
65269
25523
62785
1367
51369
21992
3766
17732
477
57265
28009
54750
65163
34660
17899
55571
69014
19385
33318
43326
69295
50995
23903
35717
23818
61788
9816
45914
10727
34202
60085
19217
17011
56514
59900
9679
42940
63327
59658
46665
1456
65100
4517
52360
27341
17758
6732
58020
8272
48546
48078
43354
67473
30670
67119
39279
15319
53439
52295
13702
69310
30233
15482
13751
54398
35818
48542
22257
31681
71690
6065
71369
1693
3692
11734
43088
36441
20571
59612
47000
800
67467
20177
22275
7226
43563
30565
59731
43503
48765
14247
23206
65273
20802
668
30505
18783
41227
57526
12976
68852
22467
8427
43637
57780
52298
7280
46267
36701
44428
25192
54839
49423
23283
16243
35449
39139
69173
68447
32292
49932
14720
50048
13099
5258
26570
6397
41185
45915
70814
38811
7178
64938
30148
28642
24623
61963
24012
15912
33519
39125
46541
19259
62687
15465
40491
30950
43894
4694
51548
39129
13221
18947
10564
1893
32500
5777
54097
64790
28895
2991
50420
54454
4846
54820
6542
70358
18941
41114
28937
42832
49573
6788
59579
36749
36875
47018
1068
17491
35025
41463
44387
40107
30092
7989
56541
18535
48840
56747
3332
38356
52764
44013
37794
69252
15815
54346
3265
38916
37135
15673
48312
12583
61078
22868
33460
8598
51806
18094
34357
15327
22862
30299
17737
68853
64417
51363
12706
60875
50918
58140
14033
14850
18429
59931
49041
32455
37996
16194
41756
67211
44673
26818
57903
3115
534
25663
55611
55966
5134
52029
67426
28952
24629
5263
48836
54329
26786
35550
62477
12492
25276
44028
60424
56373
12307
4056
40635
16962
24394
59690
3847
8599
40077
38282
17537
62993
55889
31619
62456
55153
27730
12618
21654
63002
10367
12275
13729
24102
57138
24628
7963
42431
56655
45695
44847
63617
10838
44128
7296
8099
8755
4124
46305
49422
43036
51219
60273
4459
29306
47998
16287
13423
29
66163
41454
71791
19340
59360
24038
26846
10213
48762
43913
59581
32798
33250
32137
888
45023
57351
69290
48364
15133
31740
32458
49393
51348
7228
5607
65674
70869
19191
49649
46311
55667
62877
27959
67107
52566
18517
4403
23935
44230
10740
69202
65413
15318
58109
12112
32619
26507
48303
17379
43296
633
2357
24300
65971
6873
44799
21265
4290
44382
58605
28643
71836
27622
27961
17680
18273
40882
14148
2356
63777
64646
21259
10126
18474
47561
24762
55512
11043
68268
20781
40881
50648
16055
21667
23983
48787
42838
43803
69009
54710
56969
46497
56506
42402
24905
35492
4658
49876
54755
65753
27432
36421
22285
4238
21442
66257
6423
39013
4928
5061
1561
64761
59897
12698
30609
47742
21220
55164
57884
65928
4275
69605
6120
38839
35606
54751
5039
54758
62778
22647
3572
26432
44398
37300
32065
27152
48021
71459
6087
44369
62195
14302
27916
70079
4793
3664
59545
797
3888
4665
58706
25986
39281
22606
17252
2404
65929
6854
51020
57874
211
21107
24975
16042
5506
6438
43267
66611
63115
26939
49627
63007
50202
23684
29454
41937
71558
17246
4512
4688
6613
38284
60204
16013
60626
47119
31815
42507
44554
644
25619
53923
24384
24046
44834
51748
18747
66053
14718
14429
25009
65762
3038
66859
13335
69988
41666
56042
1781
10108
15397
32650
39318
27470
71285
25695
16335
68887
31838
17316
425
29341
40467
19110
46583
33245
5122
6064
69221
41754
39322
39124
46756
49910
51746
47358
48328
18782
69633
184
6880
28917
50559
28030
66972
26105
56753
60274
26287
29815
6729
69840
27316
5606
796
49067
53503
42529
45507
4156
45866
20578
55539
34180
9924
17075
803
46373
12100
32795
59977
36879
70777
65111
59685
48087
42267
29333
7375
59972
20564
47844
33356
42957
65729
23778
58405
67007
6862
54096
61730
43816
15522
2254
51732
49447
4989
57902
15245
19517
24224
33041
46379
513
48349
27142
44317
14617
24891
37620
27724
4707
48076
58611
47193
45332
60746
63579
53294
13860
14431
40327
57570
70773
6847
8608
58424
2919
63780
60689
43211
51743
68460
22866
9807
40206
27234
40735
13977
35166
27989
20593
57985
62041
17563
10516
52438
1554
25221
58213
65109
18018
14631
34990
38841
56992
2454
2171
15990
18020
36234
48497
55264
60541
6079
101
3090
38660
14444
56598
25224
62451
1792
49872
14520
59971
43959
25858
31518
26569
49572
20059
7278
40317
21226
6986
44789
38167
51765
64276
9506
24786
43860
43268
51228
24016
338
52803
42400
47560
36281
8616
42266
27752
21119
63099
18182
15869
5548
36487
14770
15906
15597
5973
49194
601
70898
8444
58552
34752
59669
25385
33990
13663
9853
35003
36433
48081
59563
63079
42322
56710
32481
520
11398
58038
8663
46717
7336
23969
58344
28881
2394
1415
9726
12230
12502
70147
4338
39438
44280
5562
20704
4135
8737
22025
48543
69615
15421
380
46338
56101
18181
59458
12973
21539
362
361
40008
13718
23269
70167
71977
32074
21807
32072
38690
1870
48365
4054
42917
5860
18068
21448
1077
26777
4195
16280
63748
65153
68797
39669
61102
69399
12637
10038
13143
22413
30436
45415
11215
32660
38840
4641
46571
10960
3859
27143
28041
25823
31636
60413
70063
39909
55458
26196
57412
24692
13947
10684
22109
70110
30783
51827
62378
13310
6454
55576
23049
70794
37876
30768
38051
26135
46575
65765
21643
27331
31517
25178
44860
54074
49626
63206
35785
38283
32069
28595
14856
48826
58377
63176
9147
29312
20882
20457
35930
10947
25220
14551
1564
65551
66967
50360
62495
48074
11637
51443
14150
68914
52766
21668
5644
53021
26371
41691
747
44970
47783
23292
40104
59726
64776
68609
49245
4391
22414
68854
4241
8269
17674
57489
2962
27616
26520
11170
63175
36498
63890
16913
26340
36985
68724
3819
3437
17958
49919
41546
48820
494
62755
9559
22894
52366
22824
29459
25924
61772
30683
69254
38355
29057
9475
20598
16861
33622
39771
57344
15574
70028
7673
28691
6877
37257
61901
41533
39732
9198
66249
39464
31102
15209
27687
41002
41261
12224
14635
43586
39816
69933
64007
69584
11742
54202
67476
6235
30995
44084
39789
24577
39944
49794
64542
57986
15705
41637
54798
1890
38023
6449
47314
36776
67015
58214
7306
4899
13367
41455
21328
64526
2167
34665
24770
37288
45157
43573
53274
66715
13503
45547
38019
66125
21128
4031
265
42289
55288
37322
41190
41695
8604
20594
1630
57810
72169
1054
64100
71455
25187
21286
10993
8095
46430
24336
32777
44421
41550
57911
11634
6569
8954
13182
31025
46314
21809
61416
51362
30461
56045
59733
52751
6864
29878
2358
40102
50640
59266
57005
19623
66294
6649
27091
5525
31020
69320
7270
21425
34836
46163
9145
38468
16559
44859
37254
2921
39457
52946
71070
42528
29182
59138
30037
63796
17946
30862
40718
69261
35348
56461
43271
42366
44154
21262
44248
30043
36098
46085
36489
18168
10688
62288
68788
7820
15322
30496
39079
35805
60671
69898
8591
26367
28688
54184
7717
40454
53367
37866
55273
12428
5814
35047
55479
28879
43357
30141
34887
27734
62175
8377
68586
6742
51970
6422
26652
8018
6749
13889
60411
55280
55617
69832
59452
25991
36703
12187
22556
27213
12648
17361
58114
68676
27251
20524
33915
70458
10819
65168
41041
1260
24143
59777
30457
59877
35294
27898
48768
38246
22385
30980
39458
23828
6593
21268
36350
59480
32063
53332
48005
61279
59100
38300
2607
66113
62400
20386
3614
52792
20698
64086
6441
17686
22863
61892
34716
29063
64813
70287
56296
6172
67572
29397
58538
42702
15050
58485
24992
25169
68203
54283
23942
44171
40877
17289
8643
71218
69734
54428
55886
40932
51269
65987
17787
23324
49806
52149
1345
25179
39020
28244
13445
61212
57603
9550
15671
11203
34429
30082
6461
15239
31746
55425
58129
11830
45097
36343
35495
35684
40366
453
57333
60894
7264
7435
26121
7436
71266
5575
36685
31161
25260
57454
19357
17486
69117
56965
62435
62964
71714
60106
17826
44770
22172
29537
62166
65964
21282
3704
31133
67164
35812
35921
71482
54812
14156
42284
64543
37986
43034
15997
531
59656
19502
62390
18824
44158
30484
19303
20966
27983
26049
4115
26178
57932
11653
68300
882
29676
66220
11323
69508
19380
48791
50769
66988
25186
12281
18788
32563
26509
4035
50917
54213
32150
22872
45311
26685
57184
15332
26
388
1261
41712
42243
42427
13140
2514
8089
55575
1958
25126
50785
24214
13688
60026
9663
57095
11473
62374
54379
61682
3672
69835
1457
53924
13447
28042
66941
48305
25191
30124
50613
69105
33326
66740
27987
7956
34488
44823
56243
60816
33991
64451
60747
48445
61626
12324
63538
22342
57750
45316
71530
69010
65657
33056
3421
8192
34757
12942
13928
13147
41890
51747
35205
67472
20991
1692
17176
22954
38170
44297
13548
61403
13900
24622
69356
23299
13449
38692
46881
62436
67126
15860
24238
44517
13018
63749
36472
59031
30578
44040
49394
61764
46856
15892
43003
22031
50152
70070
25365
9961
16718
26646
54399
4948
35383
69208
69915
17201
26656
15416
12584
16441
46060
23591
2172
50229
12309
28607
8773
30110
39244
50396
27282
30998
44986
55986
28322
25925
39054
43005
69012
40123
61902
44185
54608
36897
8928
29778
27260
58278
30328
13421
52320
59936
68054
20945
7437
67475
3756
42265
69978
49249
25136
14085
8162
72171
49811
11885
16259
11392
61923
34358
24458
49278
49384
13184
56653
57268
59717
55521
70494
29256
29589
61300
57930
47208
65455
60676
34605
26370
40333
46982
60267
28339
69581
74
748
61894
19511
13901
6603
68601
39169
3837
5942
23025
49433
60815
70020
44766
53391
56096
35914
23432
57936
7990
17710
26795
63108
22493
31244
42717
43310
28920
59269
62959
11125
4397
63207
60505
45418
69300
17118
66336
1584
41818
23313
10215
37060
64849
68563
54119
67725
7500
2429
50163
57617
12222
38001
16922
28406
39116
44308
14489
5379
7265
69224
12885
51965
56231
39400
51414
42214
65040
69274
16870
31848
54210
56372
40998
7425
33632
62173
46175
30530
6881
56157
20266
39248
49720
66809
51648
56162
39247
65767
15251
6570
10730
2385
46621
55992
10722
12773
24437
41047
17927
44963
17085
22920
506
37881
7426
47452
59035
38456
38783
18607
42040
4856
19506
46343
36691
39022
52864
31445
33321
49446
67728
52743
7450
33123
57752
63204
68041
70459
27153
51006
10773
2355
55970
34622
19861
6859
57549
58367
3107
4126
26620
50431
64728
33892
35576
40242
22657
3987
20172
56963
60870
30515
14505
59134
28564
22511
46654
37998
67283
44390
26200
19561
26737
46104
61267
61673
27805
43460
3258
25931
5996
10379
48477
54964
60474
70170
51682
56093
10824
63970
60282
8408
25420
16105
62779
50401
18969
16457
71664
34702
2010
57036
39828
63473
9658
69850
14349
53161
34580
35919
62745
64789
17480
15902
14693
49815
24931
18906
10737
23593
42046
32282
34499
44269
62493
49013
25922
7549
16351
17059
50386
66994
59561
13352
17083
31245
23179
11678
30102
45399
19065
29797
20565
24796
29009
41188
16597
26182
56239
61179
339
34711
65779
3710
34528
42422
37207
20326
59679
9667
26955
59558
23497
42557
44049
55175
12355
57653
34532
204
54896
5946
63508
6745
12037
49724
27737
49246
17711
23585
40878
66605
31173
7706
61421
14553
64844
48720
32477
19135
3481
57485
35922
5193
41490
43644
70250
46633
28475
36891
14254
10032
35178
61109
25110
3393
3355
52793
11311
12429
19222
58804
51735
38165
41256
36423
28273
9120
53400
51690
68137
4725
8112
20904
28761
22830
23359
37187
49725
47183
60683
16595
32813
4664
42937
33247
30986
36841
43702
60660
20435
66342
12633
7085
60450
21290
19775
36416
9185
4845
24087
3304
1624
28015
33643
57566
49751
62332
72056
60512
62379
57213
14435
17845
49298
38830
63945
61839
18777
56546
8918
30287
38157
44383
52057
53329
65256
59676
57833
18034
65176
71453
22316
23383
54636
64965
35073
38363
21243
4491
54746
31629
12031
57739
47385
38616
72141
47997
36255
20995
9716
21769
29732
47646
54187
7799
16338
15250
33917
54671
71094
52986
67570
7148
12361
44512
37745
16646
7905
43700
18386
29889
53268
9623
25285
17602
14711
22603
23700
69882
29019
49476
60737
25107
67433
55230
27846
24078
57532
12822
17429
51571
22075
28346
50622
43130
44778
41004
18201
58606
67574
69005
24635
29022
4145
42509
42552
46653
65018
59125
4387
12452
25079
24037
39316
40299
72075
31071
24909
3802
45517
53225
70552
41581
33566
15669
25664
68768
64256
32450
30520
19453
63961
41493
55182
14446
23769
58542
29831
21218
43899
15191
50176
13705
25375
397
2960
32737
49388
18187
29829
41721
8438
42721
36846
8293
62433
55509
17463
19513
31893
48841
30291
30307
70765
71457
38266
2945
8609
12188
25838
66898
67682
51431
27951
43343
46577
47411
10235
44267
51474
6220
750
35964
485
40002
38437
22613
46043
43221
69587
30925
70060
4305
60647
15702
50244
14550
13327
16283
56030
58522
18043
48212
5104
58865
60363
19897
32501
63123
21641
41494
1459
12624
18105
54095
21688
54225
55030
31745
49782
24620
27366
65104
201
27106
17774
49569
34968
17163
48874
53040
54745
63085
17290
64448
13188
47780
21485
24790
31807
49516
56236
43596
25189
54837
32779
34527
24218
48805
11927
13460
11733
14494
43349
4509
24565
15592
32470
50865
20609
23227
3268
8648
71741
13924
40455
56698
65899
37357
40050
10921
43027
17536
42803
6764
47058
70402
38940
53160
17323
1657
34616
13083
30418
30474
20696
15019
21494
34535
69918
59424
52595
22482
50558
11060
23486
23956
68597
29363
41217
15986
12273
3735
6697
1308
24724
34509
43592
65869
63066
4848
28025
41013
64587
36125
19649
56696
13591
24569
64413
67459
66162
31967
59498
56422
7307
20941
22505
55035
60889
50340
61844
27722
16919
2374
34758
350
42465
65974
1967
27760
31920
7430
49509
69887
44972
63963
53812
72078
45803
27732
36491
366
53261
27905
28440
34579
55572
24876
62923
64214
31872
32130
58270
65266
52968
71840
39386
46016
60817
1731
24551
56508
4339
35046
71864
64046
46205
22479
57746
30575
393
67410
23938
6452
21581
62285
46938
30526
58551
44316
59724
50552
59865
35881
19432
8475
50695
19594
20993
17898
7543
36064
38720
9062
56132
46173
12099
54858
2579
29615
6856
45556
14870
9471
58814
32969
56741
64635
40492
69266
57269
39405
67191
58081
31246
47833
43023
63793
69552
39880
42872
49301
5556
41054
36569
54902
43304
5003
13350
15035
17214
69080
56380
66403
1769
29876
43651
9659
50150
26249
67070
2838
30625
59023
55016
7457
42951
32904
59038
69361
29917
50238
37763
54693
15679
44055
33969
44552
379
1778
37787
72209
18894
17282
46568
20621
57715
38911
40365
58896
29784
48470
54675
71189
12148
35472
38724
3701
26146
66099
16539
27625
34313
39825
66211
66275
61890
28011
28495
63098
7453
28603
36090
2784
30620
49631
55937
51032
3731
18789
5128
63723
36535
9391
2800
9916
21818
30563
28016
23409
5687
60361
61404
21493
7334
31178
57369
43717
54317
64647
47155
65372
20137
39228
59120
28651
8380
41693
46154
23094
54715
62694
50516
3360
2354
46853
47787
59208
29173
12948
35141
56158
578
71044
28877
12514
44381
53378
59021
22323
63097
21428
3682
51908
54133
55978
21018
36360
69597
27261
68769
36527
70457
21714
17757
3086
8425
37059
389
57956
865
36840
39740
44430
5651
59140
8870
527
63893
23135
24098
25099
44320
46789
58380
66599
58604
53429
49458
71145
15880
22612
49824
49911
13551
15904
71025
37975
13834
44108
39750
1320
22595
22417
58599
30948
7747
43676
53597
22480
6234
70487
19286
44511
55185
57713
22324
49648
59654
27319
16439
383
51551
51028
62739
58950
1080
58983
43294
62155
66374
69496
37758
56112
41049
62100
17739
56535
45386
43951
61785
4783
14732
42230
40911
43864
575
69020
21642
70621
26157
71750
45685
7663
27917
22386
60628
31630
3569
47482
3529
53878
20461
36541
55915
12931
44482
16558
24991
43043
52146
69789
34207
8736
31625
19509
54124
65125
26061
40946
26857
49574
39568
53387
17782
34874
40408
45103
48072
69542
30296
4609
4090
5818
53418
30550
62882
7821
7991
11977
47526
18464
8415
2782
24573
39503
1371
70589
26665
10278
59419
69366
9582
47869
5574
7057
3440
49505
10230
26364
17268
28853
40896
12935
39690
6304
64650
23825
13117
24892
35670
39726
8611
28367
9472
13585
37246
59887
16376
50949
50036
25419
42720
63309
52612
15435
9498
3142
69277
56240
23241
23804
71293
4276
12672
53036
46823
7870
16012
33880
66880
32773
30298
70249
50847
33312
35322
33373
53341
33060
50157
28747
37743
67110
28270
34866
51367
47382
71196
14044
35232
27778
21971
28480
32880
39103
46945
7197
38560
60421
46075
14218
26355
39892
54579
60015
9377
43807
28357
44062
47095
52290
65944
54972
21575
27242
39953
44404
16129
46579
30731
27086
47010
62968
61347
19618
17354
35341
11931
19426
22338
39406
17220
560
44797
61293
12274
4492
51702
29884
43300
46105
61960
46496
11701
43674
50398
10584
31748
53920
56516
57472
28200
33774
15121
37065
27522
61578
71546
3732
34617
56700
20139
32293
5686
60770
9903
35042
38147
38245
53691
837
68135
25833
70414
13668
20842
21090
65652
2458
33617
34638
579
43459
14845
40287
65280
19301
36972
61552
16967
32963
70346
39246
46148
43442
36076
61683
63243
64099
31966
37618
38248
41887
44347
48816
34475
42459
58386
59913
66004
12924
33317
9118
56086
4020
30935
16079
3936
59677
2934
42498
45614
46652
8738
46724
5994
57123
20323
14712
15028
7693
55179
41128
34563
44975
71555
24058
52284
9117
16040
18549
37245
670
23106
41838
58800
31842
62761
6372
22029
50332
30056
35931
68053
4506
15889
1809
64552
54287
42074
37927
35051
38004
10791
59463
17433
16419
24867
52816
13453
16912
39536
5584
64603
3939
56070
7227
14416
72138
59227
65101
16082
24042
44358
2700
7900
27872
28208
28638
45927
49517
8601
62401
64367
40731
19384
40369
52928
2176
55802
44286
59961
54063
36674
17352
4300
70473
61617
1689
71431
5386
32469
5016
60736
27770
29245
16640
26822
68260
13212
62469
58891
12574
59095
66984
68761
59670
71351
17765
22817
29639
16531
54966
22320
45709
13672
33624
3194
180
35418
64617
64601
63460
45734
43817
51651
47573
48599
61677
33316
3459
59610
36723
18462
58767
56149
15325
38214
66806
60370
36807
42462
68764
25803
47658
32699
10582
10601
33981
54963
1884
47575
48311
25872
56233
61183
34337
62377
44115
66916
43308
19346
2827
67027
69349
13830
39107
52190
642
45393
71097
10489
15589
58112
63838
30650
44481
54801
54998
62654
54269
22918
23460
49803
45544
68883
35769
66206
70836
50380
12069
47024
56027
15595
47691
70608
39995
9610
28221
25586
17896
27894
28315
40352
62047
1082
64882
39434
54976
678
11491
42433
59692
39684
4873
27914
14765
43302
64091
38788
11184
1578
35559
16106
29708
13952
36726
21443
46158
64704
11176
39752
40913
5073
62494
72174
21314
39401
54215
24013
40326
2531
3856
12133
3753
13711
48795
8268
7927
55905
55416
65962
13420
57581
24466
43031
29424
41801
42423
71847
14379
31743
9671
23856
13220
30031
67384
72053
67368
50247
13707
50699
44513
17840
30437
11674
61456
69828
39374
39620
40388
43986
8309
46432
7700
36256
11309
58758
47386
65938
32241
53615
66767
34854
787
9351
46640
68686
57544
13180
36668
43466
22746
59736
51719
13383
49351
1773
28743
3749
46936
19242
4768
581
11337
1634
32067
4234
5165
39238
27575
40265
1348
39787
43724
44968
36474
28481
35354
55616
27735
70078
24859
29018
47942
43836
25873
19650
70771
23165
38969
59718
42134
7283
63646
39355
24472
36466
63573
30924
35007
15665
62497
35361
56375
56242
26819
63572
10681
39153
65840
46337
38169
69358
71197
30129
17691
11164
12828
57938
38653
62431
22295
26270
27775
67047
4129
61738
13664
8432
24205
63649
13847
54272
2534
41598
41633
5864
9165
46063
34467
5999
65796
70408
71702
29602
22777
7688
16206
2428
49564
64469
25507
2966
7908
59808
10487
69273
12581
23200
13380
585
64133
69375
17548
13722
25496
3671
21543
28606
22458
18227
65874
17576
66978
62065
20175
70057
25534
29538
10901
47645
35884
38352
54988
54280
4289
23540
22024
53450
59572
662
8164
31115
17604
31135
48763
3952
1115
4312
44530
14566
49287
5938
66797
46424
37078
4901
66210
26692
11871
72079
1061
32645
50653
26564
51580
54236
13097
55976
29017
44152
1324
51518
3439
68294
8703
36881
34712
52943
46193
10926
58796
9157
67678
36268
11878
36681
197
6053
24020
18268
37071
6418
13446
7122
29352
12036
36889
49798
2779
71135
14869
62323
58813
2441
69833
23416
660
20335
29297
13320
42136
6581
68043
70083
70942
16477
12928
25104
23870
29180
48733
7551
9904
36981
16193
48073
29967
61178
26120
17835
33243
52938
62904
31960
13282
54369
35373
14964
59096
31789
53102
65257
876
60377
48242
14093
27347
68347
10258
52140
55105
27396
34798
4041
22798
65167
66003
60623
48991
46956
24144
57580
35030
54292
65681
27988
57976
40219
46950
6123
22083
68037
33187
10279
18672
1356
27246
42916
69492
68613
19137
45512
37464
50342
58177
18539
33050
3935
39582
41577
24783
7968
41539
38153
65292
50830
60264
42031
54754
70565
6457
64424
3668
35297
29314
58420
41938
71370
53727
45889
40713
61728
13450
2744
31165
69401
39745
26376
34000
29975
10477
69028
58368
6989
15760
16563
70475
64351
50694
12070
38741
61607
38168
50994
28218
29716
13906
8416
69849
25530
56543
21500
56754
46614
10251
31197
5969
4331
22005
65809
25035
43329
50514
49755
8614
3983
37189
3575
26455
67367
69941
10721
30252
54264
42456
62447
32695
13375
27740
48943
33420
65761
22896
21177
1918
50245
58037
31402
32406
58789
30431
65230
27254
61827
63010
35724
43992
4405
10705
13359
6453
30946
65818
61684
188
50518
66121
15398
59557
17508
23782
38362
63620
69360
16054
36663
40264
47874
6739
67902
26276
53876
17340
25584
28824
2993
17197
39019
22906
43007
58467
10428
60299
59590
25821
56156
69306
31243
23300
59260
3880
4729
61313
26062
49283
26195
24950
58492
14355
59129
10590
29184
4839
27413
44712
30035
66934
21571
44415
62457
71322
17653
12131
56657
7410
20558
8151
16049
36858
48676
37705
13800
23726
12027
53074
5412
16334
62541
29572
31130
35579
69798
1530
185
35819
56892
19678
26763
64150
2747
16974
17
37450
47806
2566
7553
54384
25489
44396
67132
33329
49504
59331
9514
27557
26433
61258
13229
22180
71877
23344
49534
26749
65137
42443
40157
8385
18696
1294
68444
35713
22731
53257
4777
69901
53616
54550
53732
62776
17202
27581
42807
46981
10530
42368
49730
31214
57652
67085
7694
68106
9123
42963
15442
3331
60890
16052
23568
3588
3474
5827
19391
30849
6302
34871
28699
33064
34168
40733
44029
37880
41304
4244
45519
41417
11317
25568
6748
58788
43721
16560
31993
2965
19874
14874
44668
34724
48080
59691
47015
8635
58137
8317
34181
40342
28347
39895
503
39729
36698
66928
39212
62888
48990
55513
59801
17303
16258
9459
65901
25701
39513
55578
29485
39569
43262
47054
10597
54359
38361
761
17311
35271
33684
53917
49111
20917
27725
34101
55721
59233
64373
22427
23301
55924
58096
67533
52820
56103
12640
34588
44313
55668
60631
54228
11335
1695
34714
4577
45303
42069
39473
26784
60374
27738
32999
25869
13340
26484
54229
63948
28634
1323
8661
29719
71874
7236
53052
10268
44349
22592
62331
63867
47403
65607
60355
2091
59674
21004
70534
12421
65621
6240
3687
39060
49757
22446
7685
46543
69877
32631
7339
36403
56968
50621
21452
29317
13000
11675
45713
34359
46883
36683
33139
57128
61182
5775
68157
4599
40668
42554
46329
14099
24099
27255
46645
39470
24479
20051
58090
43601
32799
60487
5975
29290
60277
37400
46561
35967
57039
45251
10280
17374
24789
57599
22749
70537
18039
43083
44315
44979
42171
24236
23725
33359
59047
68414
63909
32649
38215
64937
70395
11037
18449
35725
40260
5962
68027
7701
64777
11521
27493
27931
32715
836
45972
595
32157
20330
43303
24611
19723
24757
19086
27540
47944
3677
32622
64076
24987
4938
41812
16914
42149
27997
63962
879
5642
24486
42912
43499
63502
60083
64715
10247
7702
17579
38779
10729
34165
62339
71324
1894
3109
30826
69201
18024
42804
15330
5137
44719
65871
16396
34744
12456
29386
39101
61298
36007
11068
33419
18420
38348
64931
3564
3161
33380
41939
11658
18377
18838
30158
36736
46741
7262
61266
50248
71830
51707
22903
54697
57134
61751
65757
58223
9144
37926
23398
1914
33771
44722
2527
16916
48854
32275
21388
34733
55573
30559
64827
3003
70062
56187
3261
38735
42784
48865
18408
31182
19245
32225
70793
59804
34303
3613
57029
19033
43168
28256
41638
41419
3025
30557
33011
64711
41889
6535
66995
39385
55533
27083
37340
24072
8733
16286
17275
5269
51727
62782
60422
25243
29465
57984
10248
26802
33335
26160
62839
12311
25730
62905
68049
70119
39886
30945
71340
40500
9065
28668
13003
9656
55149
58036
31954
43337
39424
45336
49999
63658
68127
25543
17087
61392
30769
39059
26677
39160
64838
14959
20063
45151
55968
30063
13040
64611
2778
42167
43353
4595
28771
19369
62167
31455
30482
64702
675
33125
68678
22605
3685
20171
58048
16624
33683
71325
56780
13920
19032
19586
1107
30659
45791
46215
24026
20419
59649
41630
13210
22844
62545
23592
59814
62484
34215
36467
15130
67512
68608
16009
35353
3986
13217
40797
66998
37506
6860
51175
13509
55536
27826
64881
55213
5439
5223
29327
33996
42578
11973
108
64045
18833
45287
7063
32938
14912
48819
6168
47556
8092
499
27886
23536
27245
35481
23943
3514
45294
50403
60209
50509
35068
13699
3457
46300
67092
21820
46966
24589
69748
32571
38349
51497
44116
35170
44830
25700
14561
40639
58885
23645
30652
47872
48378
56371
60358
69377
34503
43200
42567
34943
44756
64444
6953
42123
7446
5498
4678
60543
44299
26237
3511
56953
16041
37725
42981
8409
55420
24514
30937
13326
55278
50655
62396
4579
2353
63980
33334
65368
21222
42640
71447
30739
2288
57466
41116
2984
51171
27259
16084
34700
49080
9957
48793
22764
50859
9426
46186
40527
23901
17558
40659
27854
36198
53191
51430
5468
30416
71155
23569
67720
37971
6325
38832
42105
29805
51738
32544
2168
58698
21350
22162
21312
32996
21246
327
42341
64092
67949
43487
33735
25020
29065
34191
61761
67402
70428
71832
46668
29866
28913
58557
20641
34801
53344
68476
15707
43704
52575
26466
44355
41272
34439
31766
34785
14232
27217
52982
67369
60079
12887
49416
7333
42676
19584
56321
61767
36634
43935
14723
48930
54343
5859
63906
32049
61053
2094
3121
13092
44425
24476
27112
32402
59716
21934
54737
16134
23731
58826
59404
11601
67545
10600
32246
41726
1178
59002
61851
22745
52977
52316
40132
53401
11895
57601
44567
8593
39148
44526
56957
22734
42637
39754
61177
55934
67542
18606
58516
35515
14228
3155
30654
34312
18192
57716
34586
47185
8631
44188
13354
37716
18291
40458
1476
29601
17543
36137
38430
47831
54189
26740
33608
52257
54961
30838
64595
5706
18830
1191
44157
40451
59920
22966
61280
5935
9149
25529
50040
39127
1627
529
11984
6979
1659
65712
3420
35540
5218
18407
24240
57577
6062
58822
62784
65416
42247
61465
6230
44535
32930
9126
5184
374
11310
25203
20376
17079
59940
29776
34276
52614
59361
71521
34863
9129
46775
28020
27932
63069
2786
34873
4446
29076
47160
34828
62940
47207
3581
4685
38265
1961
32459
35350
23610
42915
50279
28326
33983
60589
26147
43891
66781
37737
7114
41624
54333
58600
67205
32055
12328
44118
65274
39687
11197
54458
12220
25492
18472
2562
43022
15485
32956
18151
36432
52214
23055
46658
41005
55229
56735
786
65362
7513
23446
25859
4721
50055
49339
54583
59110
64334
3490
37286
42809
49279
22762
31070
59476
26558
61463
2980
59855
23545
3433
16210
24797
30032
32070
23771
40526
54058
67003
40667
19659
28611
6626
52289
69897
55523
18195
22453
43870
49812
68862
35447
58491
59056
51629
57480
30024
55140
25545
25675
37056
50218
26166
30845
19030
59615
54888
8423
13657
66209
69759
14465
48682
27496
46152
63792
30599
31897
37984
24587
46688
61198
62259
8636
9901
1777
71972
14018
47008
58601
37292
21710
29472
40344
32143
24487
4552
52997
42395
55110
3464
55208
60841
4639
61907
65960
65806
23168
69606
44441
4913
14554
38175
44992
11129
48247
62049
69265
1117
60548
1990
3294
50355
6091
17500
23921
28445
24047
38148
61203
62409
71742
58200
66137
34212
2836
24524
3777
51441
62880
6771
42415
41618
13667
58164
45492
33054
23254
6052
66440
9172
17561
32491
570
66839
43388
29390
20333
28031
32148
68614
33172
27998
28641
476
66750
1295
38459
38742
51232
27320
37731
54223
71620
71194
51659
8448
61826
31896
29439
4344
9382
64102
12830
69078
9116
10560
38551
34493
9148
61393
30439
45291
24715
7138
19215
69756
18537
24062
26454
71352
54904
52467
36967
45262
44819
46369
19731
62466
55126
936
4407
51552
14514
30094
49424
27558
4847
29896
33067
49560
23184
29174
38752
40397
62803
31873
13859
196
24962
58144
13177
45716
13364
14370
19666
39478
35072
24449
47377
17900
22494
31744
5685
42396
21847
50391
58757
65743
72151
8464
36733
39799
62991
32440
26975
15074
1913
5257
7443
17923
48598
40794
48487
8667
70168
19662
45543
66724
17535
20702
50564
7476
29736
25227
46276
3959
17196
39373
57949
56739
4645
22286
37552
30163
36490
41804
5182
43590
48732
57398
57885
62594
63306
21298
59454
13696
7101
11836
53060
31804
32545
57828
44571
68846
25408
12734
3995
11520
2729
58745
1318
5904
59666
45871
22258
36241
22865
9627
9893
38445
17137
54298
57002
54857
63537
48363
66760
39164
12848
15534
44836
46629
50318
39791
45305
49426
32092
56794
61197
28413
42128
2930
44384
5459
61367
62763
30552
27631
29067
59671
29074
51290
54652
6740
4739
61372
35013
42544
11743
20607
5205
53115
19031
70486
63223
22668
68823
10673
21509
1271
39818
58521
12824
3686
45313
20894
4561
40891
50363
50388
44121
32228
11458
51700
15083
54066
20748
55183
43878
4502
5294
13162
32625
30487
59914
46213
61771
56559
23207
13416
40372
40989
4450
46418
39009
56718
61679
54537
8914
42558
33795
7332
21810
29904
53366
59267
4554
58490
66515
3477
3498
45248
38941
58293
63662
21808
44637
34333
21569
60996
19652
24735
33797
42635
35238
53425
59364
32234
58947
61234
23855
19177
42213
32572
29887
19441
14295
30061
18529
49506
66289
25185
3730
27773
57
15865
38196
32270
41634
35924
22608
47738
27835
29826
46590
6875
51286
66213
37448
71113
50337
20452
51450
61042
67335
58740
950
41911
275
41730
38014
67395
20694
39251
40311
10958
3423
491
42925
53905
61605
27243
63430
63656
41635
6462
53730
22658
10686
39901
26180
55542
17827
45011
56590
58031
29305
12039
24209
56960
44844
8693
46385
20948
65800
12778
21347
12934
37882
46651
61945
9345
37614
19807
29295
12219
3774
38206
12653
21446
28238
2954
21890
21444
31800
39162
65659
21625
33291
61310
32811
7738
17859
2943
41032
37602
54403
51193
42811
13461
32388
52790
44818
70525
10249
7452
25692
71333
39623
53393
70508
2399
3506
50376
43532
29158
7374
36208
39450
68073
884
20942
27979
56667
26125
45744
60793
20881
65483
70759
24780
31687
54132
9344
5831
15290
10045
13587
17367
39181
53867
58873
61817
49565
13139
20280
17538
5380
40525
36662
61175
54372
31980
507
58821
20880
9428
13456
17167
49025
38507
69018
34398
49956
36941
39759
45737
59566
26911
34799
20638
44047
48345
48789
49616
52148
10714
44976
53037
8167
34802
5253
12599
23502
36772
71416
28330
30546
37069
4780
37993
67739
4716
37458
26012
61551
5006
58751
35012
58058
70012
15762
13107
26255
385
70348
24401
40253
68688
19725
66116
42486
37519
244
3122
43667
54553
16590
43415
48982
57486
30611
51586
16801
57935
41944
17376
59346
43736
56305
45890
33236
18189
34993
4926
6565
71508
46594
11177
26953
15317
17047
39817
43985
47770
41468
7481
33987
62184
29179
27104
47399
45910
51227
43045
24157
11348
31940
40384
5485
55057
13079
54650
22792
23258
46362
9683
41728
46463
27317
19653
12030
26057
31432
32467
7909
18484
34546
68595
10588
56523
20940
3723
56467
37997
18602
48313
8732
52945
1349
9272
60115
55626
68779
42259
41555
13974
35526
50236
3188
37576
13589
30123
43458
44429
60621
69255
42929
63805
2756
51577
4556
64680
71595
4292
35077
59547
66124
3462
17255
2829
58705
6982
16956
8906
15356
67054
31989
2515
49205
7976
14040
45603
21315
21510
48721
3363
65605
46495
17015
1209
1906
43848
71480
30146
39122
71282
53448
35448
5588
71867
24955
55174
25892
35845
5965
62499
62963
4668
67043
4327
5036
60295
2638
44774
2789
59882
17019
18117
50321
31506
57499
70507
22325
61796
9760
59560
58166
33372
62096
25500
67429
1458
26860
63671
71545
68682
10991
13105
48538
43648
63697
47688
63008
7432
20261
28662
11356
22812
54212
10762
24759
56961
61583
22597
40704
29594
11567
53725
70495
42636
67528
53084
32760
1281
37587
42545
44234
66168
31942
8735
66353
51355
43952
16515
50919
61424
68843
33688
44498
70463
67371
61227
64829
60027
5997
61153
62261
58567
15615
53502
18775
68230
6037
53112
42263
4858
17903
6412
68600
12844
37918
45398
12944
60318
62463
49571
57129
46457
66122
10053
11386
27862
16362
47597
5135
5204
45852
64593
32796
18714
46469
43081
8888
27374
45338
6904
29674
41800
68809
17785
9182
58089
49918
24150
34424
53724
6643
40905
44239
56651
31972
34537
30823
56498
50390
35580
35612
14151
68737
61887
58880
102
13862
53044
49387
34882
57385
40879
53443
15531
17257
54349
9565
37534
41176
5862
15619
5989
62224
47795
43823
45909
9589
47123
23499
30661
14490
32507
37134
38656
43918
51438
62455
62894
65852
21748
59139
27089
62157
43609
16795
27593
29767
62449
52703
63168
65622
583
13119
41270
71195
51263
19758
32860
36680
68824
50389
13925
9059
36236
43735
59414
9510
6194
61062
2634
34049
41264
14084
27314
3095
42914
67150
9111
64803
54880
15799
71829
12278
3193
64602
57919
10239
66921
11826
27685
46620
422
2522
32078
43390
8263
20342
44123
69381
29110
35224
58762
57364
46109
43670
63878
49750
12641
2757
39974
7016
46097
25056
20909
71510
22437
21794
14611
17784
51291
10665
35548
3758
57342
66963
69032
12453
5622
51003
67895
23271
30485
20522
42248
43092
60080
30237
25616
65259
37456
41205
44763
7065
18177
3245
20729
43471
59883
59798
8803
14352
4812
69398
19389
29332
6756
16971
38661
65227
68326
18792
19362
49455
57722
58329
63345
34771
55379
42973
70685
12733
14610
37654
8410
14497
13410
18725
25531
27148
30025
33061
32269
54296
71523
22032
2217
59869
40654
12409
25824
8090
13465
35352
48479
34210
56755
44296
25706
63772
26362
25181
21496
29070
16229
59033
62531
7561
17313
34279
40784
47534
59738
56224
1119
51433
66875
60494
18701
52576
32151
54293
35524
63096
36353
34693
22826
46033
16330
55028
53333
28433
49308
36074
20782
66795
39724
33641
24210
23853
38539
16011
28023
60693
1803
15767
213
38440
55665
13863
11969
49879
10536
7417
44354
60556
3096
8395
1364
65241
60369
2627
5561
58365
5905
63666
18032
64837
30787
34461
40124
36625
54392
65145
32725
36695
44539
15520
29510
68079
71826
38997
420
40198
10342
60004
70074
45020
13612
35671
64360
40669
18079
41388
39178
63876
63987
62838
36136
26490
50821
8594
66038
7531
53047
30613
51423
52949
23331
65619
31507
37796
60554
2396
3793
46323
42972
48845
22481
28476
3759
57832
61307
70033
16024
2940
16589
66329
66514
9346
33749
65272
71833
42569
38439
37505
57522
2164
50996
33913
13455
37
20961
66441
28901
43436
52568
40485
22685
25933
6978
61799
27654
60093
57683
71450
39999
45319
59311
72179
23530
31515
65647
13756
1968
62472
6899
71141
9567
51271
54368
43338
68770
47986
23330
28601
39947
23496
36876
41283
20329
12700
17185
26504
54716
67689
21915
3786
31358
43265
55209
35721
69270
18323
28021
28911
61613
55189
40266
47313
62393
54182
51270
20760
30335
32217
31036
42318
62857
1764
41305
27602
44176
10963
5007
21389
59475
44746
61846
33685
56779
36847
61722
1919
487
58468
43729
50206
44784
47233
37520
70705
42442
57267
14091
70638
34756
71957
68056
23584
7465
34482
11343
37738
24580
34848
48728
56228
39788
41529
42497
3684
8110
61935
9602
55417
73
558
24793
30549
36642
30920
38015
607
33293
22327
69219
39941
42133
3126
29371
12109
62352
1263
434
45854
3084
52993
65099
41552
69110
9348
24893
28893
44346
68028
4149
10989
42512
29169
36637
8171
55962
19425
64518
36877
42950
55477
14469
29021
4101
32809
13319
47050
57804
21498
71886
49835
29735
5242
67655
47398
69033
17161
39622
41803
5121
65678
3799
32902
52278
70340
5576
39250
11217
26946
39098
61470
72081
2586
35236
39168
16265
49526
55005
23355
22874
67133
4861
27930
32061
62022
10834
39157
13495
64432
30251
34506
63540
56046
38114
71516
45323
59651
430
57900
56091
3978
29330
8573
40452
50194
44409
49861
70578
25421
51575
27899
50280
28113
63482
36980
47508
52371
47771
7803
51728
10562
56439
28409
51231
36631
4683
29340
18353
20890
26344
23430
44768
70538
2011
56234
19329
20954
64604
60359
65235
46429
47647
63639
65288
56796
62908
14632
9715
4120
39727
34823
70612
39402
59152
3515
71288
15802
65865
44288
51370
50519
12512
69420
32492
59143
1622
6541
59468
12977
33780
26288
41551
57811
32617
63094
2626
18081
56566
1460
57151
33516
71199
11562
24986
11726
1352
14080
54759
52770
14441
43583
31428
18533
46294
27885
24758
29818
7761
54103
30226
65232
55282
37077
44667
20637
57830
55580
63721
65993
29367
22648
35074
11559
57392
60684
8407
34481
40068
45740
59128
61615
65545
11590
19909
30434
21589
54387
57100
40997
1469
21671
16587
72077
8094
20764
5812
17060
44353
17285
9719
7898
13457
72207
65878
12837
19458
18033
45250
23776
42504
27626
12953
29188
36382
55003
32191
11958
47023
26501
25829
34042
67005
27218
39746
1472
48472
67000
1631
3757
40435
27129
51752
61556
15237
36700
65559
57327
65724
70018
14556
14466
40314
36002
4728
67408
69234
37960
69880
25753
54374
11426
33603
501
70820
497
17944
59556
15359
71040
63184
65142
692
47235
20603
57521
42810
3718
52062
54818
42571
12609
34924
57600
69870
33342
6188
2433
70530
11281
14913
17068
56967
60662
44426
69112
25587
8612
22818
7070
13318
13122
67974
58790
60558
52811
20950
30132
36482
44095
49385
71522
10490
20949
52016
35067
44060
31621
33330
17939
31329
61616
43124
33652
44218
30979
59550
40951
12182
64079
30254
19064
23923
391
31075
19966
29181
58502
57825
9593
40900
39763
27381
2799
28336
34187
39725
62179
58820
58422
64551
21011
31080
65620
7132
50323
36900
3836
52049
13336
35876
48083
14547
47196
56237
13233
46322
34688
61411
34464
46431
56031
51805
37376
6163
58818
13118
33612
35301
20282
64525
12531
48657
62316
27151
30111
65768
71255
60535
26464
57323
71193
39786
3183
60783
26204
30865
4705
48731
56291
696
71099
39471
21233
41668
58035
69557
46592
33177
37530
371
61295
31453
58908
34434
47317
33694
70059
41536
48568
5058
28752
9742
30854
20283
504
69768
8650
36134
37461
51803
53199
28441
49133
62194
66660
10956
49045
55315
24787
27399
37398
69561
19248
35192
49428
55289
2561
15242
6323
67494
32363
1763
68935
9616
57263
24145
61419
36132
25389
70244
46014
6698
69892
23941
61759
64943
46211
3565
72170
19310
44536
30150
14160
41585
52216
34584
4235
46894
47226
54414
31727
21385
9661
30753
32222
38912
37579
44305
65555
32403
58746
32131
61836
47570
49450
50199
28107
4047
38011
16631
43298
24753
44705
59423
33457
67106
27811
37845
4919
1274
12841
51085
8485
25909
40875
72188
9725
5188
58264
70052
59446
6159
41209
50430
64228
15946
3792
70540
12999
18120
22558
30430
23238
24488
40057
50336
48675
8652
39685
22500
68589
21118
30600
61726
14733
15674
1064
71014
8559
68685
38955
56094
33875
49566
64423
2935
47222
69019
15419
33186
7015
46530
15131
30908
53468
30253
27397
3106
43705
56449
47637
33988
45282
5779
41706
59359
44964
39910
38435
63953
14630
34347
67899
22775
11642
35199
36802
4118
44820
2649
20505
8161
57322
29891
37727
55246
64374
35506
52620
64826
15300
27743
70069
59573
1265
18618
44394
5010
1447
13232
35364
20804
23177
39066
13547
42553
42034
32091
6447
6733
71556
61812
63310
48377
7636
17444
4531
8638
28762
33220
32071
5004
17971
27929
23312
46318
57127
71372
38010
15336
55108
58085
65857
34233
59354
44413
51477
8908
4240
60177
13728
685
25340
46973
17331
36867
18962
50145
15034
25792
29873
64466
9218
60625
42987
70032
21608
29880
39626
8264
66265
61044
53929
9905
23304
19027
47644
5692
30982
67671
29189
37040
40941
36217
62258
15862
19388
18095
56312
30134
65877
67647
59807
12369
54041
25036
32911
67372
71753
69038
11592
3715
3719
13838
34759
41464
17949
31839
60428
27841
59806
56454
28800
35114
42822
6954
54062
14571
15964
71104
70025
18983
29588
59442
36205
49674
1638
57413
3029
6209
28823
42704
1275
65707
58127
61579
70762
17745
59925
9364
20806
46331
41765
11359
36127
762
3458
4850
5653
18083
36246
28435
17720
44348
53326
7892
43331
42033
65823
36722
48790
12576
42510
21338
35222
59276
54318
54849
7495
11182
66379
697
7554
16326
17964
2445
38150
42976
26161
35200
52323
40125
62685
26401
64589
41258
17952
31046
35627
61840
17821
22070
63424
5565
18100
46900
11502
69917
20493
46655
16037
30987
38070
9518
2927
51579
5266
56970
67464
61094
71043
5654
36105
59000
57913
22499
12839
44525
17814
56932
71071
7959
43355
3438
59279
46327
51614
48095
42783
18167
22662
58028
69114
36528
62019
13401
10576
21551
44233
14377
11656
34507
50438
12580
26931
29862
22750
23729
46644
6056
6971
41224
45384
9146
27863
29024
16015
19531
30602
45459
28802
36679
62467
54371
16812
2905
71509
62286
22869
39283
14728
27326
8617
1298
10372
28393
31238
1588
16725
32700
32800
35355
62338
64723
11728
17829
31332
48919
7289
6596
12193
12878
23988
19809
40963
50278
6878
21501
7533
62812
40112
69516
43461
13407
60874
21505
59467
66208
16471
7409
63202
28209
55414
1672
10199
28366
20710
60559
17312
7083
10488
15874
28894
35349
35138
19732
46998
56791
60043
69963
1658
61526
26648
39794
17856
66381
2516
68418
7059
3144
23006
16344
20420
29190
45012
53103
63072
11896
28110
370
35308
9496
3531
45259
31979
21445
47804
7874
59259
19068
49382
37598
20050
11340
2697
41810
40901
11643
6371
10369
813
64754
6413
31457
36355
35384
32707
28760
22691
59051
59257
19654
52994
46185
3855
38180
41562
37156
63553
59296
66377
33222
50550
7399
51024
58897
14395
10206
36475
55249
53090
39666
52502
51710
33570
40862
54192
15859
23248
51696
64048
11501
43544
48782
18828
50920
3012
4039
42871
38510
22382
2788
28436
39108
47426
63978
9160
57642
10968
16871
64104
34787
56886
33901
56381
58134
3168
49653
60087
12746
22867
2986
6883
29788
45298
54534
43600
64438
49355
8826
50375
9741
67782
69293
23529
50383
58560
68542
31247
43000
39878
86
2243
29539
34609
41778
56220
45616
71103
26781
66357
54591
51412
54344
55130
68128
21230
54607
521
34167
27690
49313
42547
64143
9159
31816
64154
3796
69507
2988
53918
40899
3580
69030
60587
46428
34797
17213
41817
28439
27114
13752
7080
16337
25983
34889
55793
54760
29293
38559
47699
65963
64963
62162
18695
19060
11967
40499
45390
56037
28437
41586
1877
30752
41206
19760
43100
6882
33777
40409
42899
23944
69258
35811
54851
45925
20269
64105
15836
42560
43842
11320
43341
18939
28237
54262
59330
60417
42923
59570
31945
47835
26291
10244
15436
20246
34970
34090
39896
53841
50916
32640
10246
7851
43321
38176
30624
45535
30604
55911
58882
16053
59683
52145
58030
49795
41986
47303
13301
60020
66714
16197
58276
6901
27657
65319
14830
34306
2977
58792
28748
32193
484
52362
69321
65509
56736
34396
40440
26293
36062
65094
41050
42412
5295
53189
19657
64275
9167
27590
21609
13124
14734
63794
36732
17738
25154
47879
36872
43673
61226
6765
30673
36850
62087
5778
72066
22652
9134
24979
57334
66676
9598
60457
17945
3742
41651
70906
46923
57786
61204
42226
70342
25140
35966
43387
34619
50275
65868
8809
19855
61592
50162
65140
37509
30687
39893
34661
37547
30949
65626
14939
43610
55646
47991
56666
2459
71263
19226
19448
41535
46952
53042
2237
46344
53706
41886
2603
29111
24961
4513
28442
7288
10933
48482
23384
1555
25207
6577
71827
60581
65485
19059
34214
54677
46632
35791
18984
36547
59426
14942
49722
39414
22910
25751
44623
12310
12669
70856
12861
65221
35031
30144
62650
35823
65226
24615
57674
11682
11731
38917
19442
58748
71554
3501
17225
10908
60427
5196
33340
29185
16268
21508
46928
16626
31355
20775
4490
61334
30765
43649
51978
54101
59337
6836
52903
57094
65233
47609
53022
52059
18416
31845
22828
62752
14543
4679
58300
2448
8465
40456
55025
35723
22738
7471
36956
39437
58029
65833
58450
19585
3505
71875
68616
39184
67645
71852
33285
62402
46553
64142
14430
34720
15509
14786
15623
38467
6090
71519
39758
67972
58217
61671
69211
18481
58274
70171
4559
28746
70622
27804
7993
9101
62544
37463
22485
27170
12791
8715
2602
35632
53088
677
65096
13390
59888
60307
40394
12160
29345
68160
35542
72139
25415
5298
43209
57393
22773
62453
18839
35672
52936
21329
57475
40887
42406
1673
19867
43859
31089
22751
5117
56008
31114
16358
24053
71623
30910
59105
7277
19034
57380
31291
23044
3801
30126
29966
38358
66711
19227
4396
66370
22429
6231
69838
8626
23397
50148
59144
38617
57906
46380
26151
3430
39952
1069
3637
62676
20889
52815
66914
11866
54889
47565
30399
55187
42549
28269
36025
56238
41574
2450
40666
54824
3476
5174
22174
68829
71321
56966
18412
4005
2222
16348
47635
12189
25188
48717
68732
70806
14541
12284
27990
46884
52177
65998
66001
69100
62257
2939
45882
4931
10902
15093
69021
30161
41873
10216
1384
1770
42216
66753
31635
44840
17908
35624
19253
19651
34763
68327
61795
67383
24440
52967
1574
18030
44175
50835
14442
69972
35158
36970
16958
34557
30767
2090
17746
43881
70635
634
17806
4204
54606
31454
37066
39365
35425
10122
22645
169
54109
16030
20780
36546
19183
56936
36871
16261
20494
40493
43898
66968
33573
47206
2647
63093
14
28650
11907
52178
40717
33972
32944
69619
40885
18603
61380
59261
7964
4254
7862
37792
41883
59030
42875
61271
65720
29349
19501
60041
6181
70899
42436
33748
55
11745
29348
61614
15857
48804
40643
41597
43591
43464
64907
36622
58351
67001
59222
47363
41720
4500
56304
8718
57751
31175
49645
34175
43839
35365
38342
18831
3071
4146
33227
39770
7628
20451
6949
191
63557
18376
23268
61199
37514
52150
28450
44854
27175
41263
63942
70546
37512
47801
6687
28394
37455
42924
40943
25200
7713
69785
41687
30743
23824
29535
3885
21885
72176
38931
6811
33446
20807
65719
5013
57644
6268
11327
13689
17355
62344
52619
69510
18826
6545
71851
24494
11268
53024
22708
25877
11909
1067
31805
52939
71184
45261
37247
21334
58905
11862
12413
49216
14549
10818
59723
51836
30419
5643
59667
3800
14739
3610
31403
46198
763
37073
55027
7415
11312
30235
59655
18397
45401
36769
18491
10217
25180
31941
37795
40793
40867
4040
29355
46689
11457
16869
22643
20586
25696
45862
36766
67743
22079
29675
8875
62327
63561
31452
6451
31938
63077
28995
54099
60284
25546
26456
38112
26392
55648
61045
19278
56204
14715
1780
182
19617
25749
1571
29453
3269
46628
39382
46201
39243
6061
14423
56928
60105
43597
40947
55896
12645
58130
62536
13371
2372
59470
38078
16594
44849
18858
12603
68388
28899
36834
69872
42992
20883
70727
41704
66763
17953
27680
35113
11275
56888
40205
33331
35470
7455
2261
56491
6770
25639
2260
50544
34428
17375
19198
58699
22176
49421
54588
44787
71359
23543
54779
34511
49567
57007
67113
64689
58615
46266
29234
45025
27991
34788
45732
47639
67669
41182
8804
43044
53870
70100
5277
62313
881
69378
44360
49801
67155
18471
40062
38186
5385
66991
46501
4784
12390
19609
61888
68126
18008
24591
61468
39081
65364
14862
36686
65849
6822
13113
31917
37358
6373
21655
60989
26107
43876
2995
55055
29346
15664
42634
62792
39161
29608
24925
5503
24910
54071
64625
56962
40449
15524
47949
71240
24478
43579
69623
58399
56163
57697
6267
5469
10743
27768
54985
36215
26081
60733
39606
37928
70105
20711
18277
32075
69471
25253
2532
26967
14230
37739
51176
60503
56596
26487
12701
45719
47212
65671
16611
70839
42457
18466
47380
69199
3334
62032
58025
19434
356
1886
33244
60371
56115
20618
22876
11957
15575
41582
35854
65445
62590
30761
29195
53108
61261
16705
35048
41558
20343
43356
49208
22317
18522
50314
59585
64434
35513
46953
1917
42500
6
9902
23003
58984
7550
68204
49829
87
43041
65159
15257
51424
71033
28600
36804
54659
26073
29058
55961
29595
42782
15594
61927
35849
65810
20506
4317
6445
67165
13504
17909
33599
20538
12231
27499
71354
53440
58793
69600
12628
61112
7222
62987
26903
49914
55272
65239
21666
7505
38803
17101
16205
43199
64002
1614
14546
45913
39391
45857
187
19671
69299
46757
32465
56787
54252
47776
6849
19049
19461
15983
53065
54061
50433
4564
63610
8525
36426
23249
1897
61305
52805
24495
23779
34651
7547
42408
22951
57942
30741
62322
47581
13300
67064
39156
36425
8762
20691
58158
1608
44038
40108
70341
66387
49630
68350
70858
54129
69116
14310
27901
6743
19859
46596
56993
41678
2377
13303
48784
58057
18163
49759
65161
68223
42499
19173
40339
56658
835
45290
65749
4681
36106
45314
40663
21665
51685
40063
1784
28001
72064
22688
53958
56472
11827
24800
11859
31099
69673
10904
9548
40671
20683
53594
58204
3585
14629
13556
54065
11561
71157
23801
5150
70994
27125
29772
36548
70510
4525
28604
378
46103
68389
1305
66545
21449
52437
29244
23028
25678
46578
23532
50525
15208
12325
29592
3253
29481
64788
10985
39747
56288
52058
52983
20500
5673
68222
65562
35446
3617
36977
14145
23408
51587
58436
37081
18023
13353
64185
8637
43887
25574
71332
48483
49333
274
54107
46111
64709
36135
70017
71320
46593
26388
61244
57775
47416
17572
21845
37079
8656
40636
18570
5505
70236
58503
57567
29055
28204
3042
40821
12504
10817
4606
71118
18053
63100
46929
62336
70990
2698
33286
70630
59508
44219
10234
45912
2653
12875
26661
5062
56689
68321
54711
38898
27935
32265
18728
54237
46925
15576
42978
28996
11387
32239
42282
15570
46516
58024
57102
54578
71368
16318
30133
47439
23940
42688
65166
70077
28876
12373
50517
49947
46865
69962
7084
15293
34764
71367
33045
44484
1199
23370
59131
32149
61201
955
9520
5261
54342
39383
26256
46025
47930
51705
52569
54805
46822
71715
14757
26477
27678
17544
26803
784
67650
50200
4501
58803
52965
10596
25643
24553
65648
18935
5262
53061
68994
59552
22432
11560
30623
52819
71331
46522
68610
36349
13992
30093
35160
48464
53323
53390
54016
55317
62314
2654
71326
46476
40272
62020
7447
38615
4297
11305
2255
29663
37885
31611
42488
70201
59697
54270
70769
58463
192
24574
3259
22914
16221
31936
1461
16087
36027
47886
56956
12579
21026
56742
45942
71975
25222
27857
39154
12287
23305
26123
386
51222
61895
48161
3108
58716
37759
53373
629
20286
63512
1732
31330
19624
64641
18026
61558
71581
71716
52955
23537
21482
44255
49632
8170
3510
19851
50240
32574
40995
2785
63786
41241
41632
17155
70138
46584
6257
66997
70861
38564
4248
4301
40410
49406
45098
38350
43345
32278
4656
55588
59659
7069
29002
51724
5243
23904
19136
36261
22870
44707
56164
4646
47409
51161
38908
52112
45102
54260
65442
11965
33574
33923
36058
67388
20501
70511
14722
6312
8450
62910
37460
63169
70620
25581
53664
54872
29051
56173
33057
59409
58525
65926
58372
1553
57358
39021
57488
61371
42376
65797
30290
40799
13916
31739
25819
55891
60044
32347
41202
33999
9619
67646
41813
5578
39815
55543
47542
36450
57950
12647
30648
32216
38161
1388
23910
46617
38754
23809
3863
35244
6865
10123
33978
63562
54397
32735
26203
49085
18945
7667
58385
58906
33468
12951
20008
15621
29484
59477
8597
25106
21601
1386
39407
12458
26560
34789
41318
61670
64453
11284
69997
19070
46086
3434
375
39146
1901
3739
56435
6165
36368
17931
26760
38090
13041
60172
41266
66915
69363
38174
34962
3789
56166
42980
42918
41845
8381
54536
23327
48315
68382
19134
42982
55066
62394
45877
33656
48501
20811
61992
838
41802
13695
9379
15708
34739
34765
50837
64343
34687
62407
68161
45027
60207
58055
71198
28796
26597
37643
20846
40657
29673
6376
29222
28365
38152
14237
60887
41805
46226
27325
66982
5572
79
28631
32781
39906
44244
67569
50315
25482
56677
55466
59584
12448
68297
18786
6446
791
38550
71513
35362
49823
68810
11821
15361
55459
1355
21284
36837
12975
9734
63609
52915
58277
11353
56378
30748
45711
52937
1258
21487
39748
53663
28014
70901
64443
30147
39756
2406
61849
64537
15160
36447
60112
13138
43712
14892
16284
65759
34620
70036
66942
29187
48003
14686
25866
42286
41549
14289
71809
6590
20703
48730
17431
51688
54817
701
32817
50361
12145
44566
5418
37399
30697
21027
5125
69272
47012
71021
8719
23634
13435
50557
6216
71261
30585
54742
72150
56172
20310
36143
65935
52786
16787
19782
50548
12020
27323
64936
59647
48544
7286
60297
33879
65016
15426
2743
32473
32604
22665
65932
34958
47319
11840
67687
55642
21548
2794
29970
13417
54875
23566
1264
31773
36854
49519
65970
8674
2256
56028
39427
28257
19724
39938
16033
11181
54545
6530
41534
67081
68221
7304
62275
6392
26859
37604
16331
38173
40258
62282
43806
59668
58907
35608
57958
29322
40122
12304
11434
66037
5171
8896
14410
636
54897
50510
39939
38216
56436
63113
70772
46169
22901
52111
66770
26937
36831
57643
23225
39123
63241
2696
55613
57156
57734
15364
31126
2262
38146
31802
26491
46275
47741
63505
53427
25835
5056
17430
14612
14717
30417
47737
7545
50046
49425
42444
55313
52035
52199
7020
49211
4770
35235
47194
38782
11650
46326
22278
63509
25366
28570
40876
10837
62015
52865
6036
33742
24648
59403
17200
16372
71327
18056
65961
25182
58815
46721
48237
1895
13904
38077
60011
14896
1567
6117
13454
26322
61154
758
58761
7967
1451
54689
24895
68384
50358
47655
30451
42513
44479
23531
11648
62585
46523
9558
55040
12826
29347
16682
44294
60375
61754
957
52017
42114
56797
64082
69551
34389
3533
4701
27354
46728
19781
53113
45506
45493
24525
1920
17688
62278
61732
58050
3678
4473
62892
59942
37591
44418
40922
13502
51079
56448
41174
60416
50585
8097
51165
35804
42240
61323
13399
5567
2257
33778
43439
10573
37494
38171
32587
3737
71125
61402
53152
43095
7327
35552
10561
9125
47537
44393
64597
1331
8466
10424
20727
32235
52036
3769
63966
16241
35032
3260
55907
63121
67036
47572
4194
63218
70129
46637
47028
4912
69228
66261
9908
23371
6176
67396
51008
21122
70472
70176
7558
51
3852
53259
58774
31082
38508
15414
12074
48408
49448
23010
23605
30627
50281
11580
70543
22331
1799
51588
58951
69262
59675
5744
37136
8217
